>2 0 e- 0 0 0 0 1228.91 1 PrScint 0 
eIoni 0.0108288 0.000269457 -0.00230397 3.86447e-05 1226.71 2.19821
eIoni 0.0124111 0.000384341 -0.00277328 4.44186e-05 1225.28 0.375119 20518
eIoni 0.120269 0.00612425 -0.0335516 0.000436409 1204.3 20.9741
eIoni 0.142521 0.00660198 -0.0414962 0.00051899 1199.18 5.12636
eIoni 0.149821 0.0075482 -0.0418995 0.000544758 1188.86 0.742642 20519
eIoni 0.155512 0.00817399 -0.0417234 0.000564792 1185.68 1.26569 20520
eIoni 0.155538 0.00817694 -0.0417236 0.000564882 1184.35 1.32495
eIoni 0.252 0.0176235 -0.0421054 0.000903961 1163.14 21.2116
eIoni 0.270152 0.0216225 -0.0482207 0.000972502 1157.99 2.90835 20521
eIoni 0.382413 0.0264006 -0.104265 0.00141247 1139.34 9.78565 20522 20523 20524
eIoni 0.488973 0.0592267 -0.0905812 0.00180656 1115.97 23.3691
eIoni 0.499577 0.0664285 -0.0866931 0.00185363 1106.57 5.88498 20525
eIoni 0.51242 0.0865769 -0.074305 0.00194825 1101.87 4.69823
eIoni 0.512103 0.0919965 -0.0682307 0.0019769 1097.66 4.21038
eIoni 0.506305 0.105571 -0.0491393 0.0020618 1085.86 9.49775 20526
eIoni 0.507019 0.12746 -0.0327255 0.00215816 1079.68 3.24746 20527
eIoni 0.507626 0.142217 -0.0275031 0.00221334 1070.21 3.1133 20528
eIoni 0.508315 0.153595 -0.0254362 0.00225417 1066.39 3.82471
eIoni 0.509923 0.15954 -0.0230652 0.00227744 1064.9 0.402579 20529
eIoni 0.515253 0.204176 -0.0301875 0.00243793 1024.25 16.3659 20530
eIoni 0.508029 0.222986 -0.0228505 0.00251379 1016.6 1.69456 20531 20532
eIoni 0.491259 0.255402 -0.0100365 0.0026507 1007.3 9.29633
eIoni 0.488384 0.259356 -0.00956611 0.0026681 1005.57 1.73389
eIoni 0.474477 0.281914 -0.00886403 0.00276202 999.186 6.38062
eIoni 0.471843 0.287247 -0.00995401 0.00278345 994.918 1.67733 20533
eIoni 0.470031 0.292002 -0.0123558 0.00280341 993.151 1.76688
eIoni 0.4687 0.29696 -0.0161901 0.00282613 991.008 2.14313
eIoni 0.458352 0.382234 -0.0290877 0.00313426 970.205 19.5487 20534
eIoni 0.447872 0.393357 -0.025351 0.00319017 958.104 0 20535 20536
eIoni 0.425968 0.417725 -0.0136636 0.00331394 953.087 5.01673
eIoni 0.425526 0.418161 -0.0137167 0.00331616 951.752 1.33572
eIoni 0.423291 0.420398 -0.0139641 0.00332745 950.078 1.67337
eIoni 0.414737 0.428183 -0.0144809 0.00336867 947.142 2.93664
eIoni 0.414136 0.428912 -0.0147614 0.00337218 945.804 1.33772
eIoni 0.402692 0.441808 -0.0199979 0.00343637 941.81 3.99411
eIoni 0.395344 0.454699 -0.0230711 0.00349036 938.788 3.022
eIoni 0.389824 0.462625 -0.0296429 0.00353201 935.704 3.08353
eIoni 0.38614 0.469059 -0.0341862 0.00356301 933.162 2.54226
eIoni 0.34176 0.543372 -0.0846596 0.00392036 907.848 21.8947 20537
eIoni 0.334237 0.553661 -0.0841666 0.00396597 904.162 1.27973 20538
eIoni 0.314932 0.578893 -0.0821081 0.00407985 891.272 6.32068 20539
eIoni 0.298282 0.58967 -0.0883061 0.00415428 888.109 3.16305
eIoni 0.261123 0.614939 -0.0959351 0.0043176 876.473 11.6361
eIoni 0.234964 0.618492 -0.0941816 0.00441253 869.854 4.93796 20540
eIoni 0.213015 0.615774 -0.108792 0.00450771 863.067 3.91551 20541
eIoni 0.202159 0.608747 -0.117601 0.00456393 853.58 5.1039 20542 20543
eIoni 0.199173 0.604081 -0.122771 0.00459119 851.698 1.88203
eIoni 0.19753 0.601275 -0.125484 0.00460643 845.414 1.75637 20544
eIoni 0.178777 0.568758 -0.147445 0.00476304 825.989 4.73647 20545
eIoni 0.174587 0.562935 -0.150964 0.00479188 824.322 0.292179 20546
eIoni 0.153045 0.547405 -0.157821 0.00489091 818.109 4.76396 20547
eIoni 0.149237 0.54061 -0.158866 0.0049193 813.706 4.40327
eIoni 0.138208 0.52167 -0.161031 0.00499893 810.769 2.93676
eIoni 0.119148 0.498845 -0.162975 0.00510672 802.203 4.07886 20548
eIoni 0.116071 0.492345 -0.166141 0.00513517 794.594 1.17829 20549
eIoni 0.0972116 0.446868 -0.198258 0.00534825 784.543 10.0504
eIoni 0.078336 0.420316 -0.202697 0.0054676 779.937 4.60605
eIoni 0.0696814 0.409164 -0.205657 0.00551999 777.932 2.0053
eIoni 0.0214778 0.334769 -0.223816 0.00584877 757.318 16.9144 20550
eIoni 0.0137473 0.326615 -0.225002 0.00588995 754.63 2.68707
eIoni 0.000141501 0.333617 -0.230015 0.00594866 732.568 1.61426 20551
eIoni -0.00320658 0.336005 -0.233378 0.0059681 727.018 1.65689 20552
eIoni -0.0363996 0.357936 -0.262589 0.00614885 719.346 6.63072 20553
eIoni -0.0387377 0.362688 -0.269199 0.00617991 717.278 2.06807
eIoni -0.0431578 0.368567 -0.284561 0.00624239 713.258 4.01964
eIoni -0.041317 0.371427 -0.288513 0.00626153 711.771 1.48743
eIoni -0.0322369 0.390406 -0.302261 0.0063538 706.691 2.84251 20554
eIoni -0.0221934 0.400502 -0.305927 0.00640785 689.162 1.10509 20555
eIoni -0.0122251 0.421606 -0.329052 0.00652897 678.834 10.3277
eIoni -0.0126006 0.435651 -0.335796 0.00658653 676.142 2.69241
eIoni -0.00593752 0.456401 -0.348952 0.00668061 665.764 3.66835 20556
eIoni -0.0052062 0.466232 -0.354246 0.00672205 663.528 2.23615
eIoni -0.00697232 0.474128 -0.358518 0.00675595 660.826 2.70234
eIoni -0.00967984 0.483497 -0.366922 0.00680367 657.333 1.93417 20557
eIoni -0.0107708 0.504113 -0.39027 0.00691927 649.601 7.73216
eIoni -0.00502259 0.507967 -0.393876 0.00694826 647.397 2.20448
eIoni 0.0158523 0.519611 -0.405696 0.00704738 640.282 7.11448
eIoni 0.0249295 0.526446 -0.418209 0.00711029 635.589 3.19399 20558
eIoni 0.0257478 0.527317 -0.418982 0.0071156 634.18 1.40857
eIoni 0.0274904 0.528271 -0.420102 0.0071241 626.651 5.35798 20559
eIoni 0.0565551 0.544785 -0.438183 0.00726599 618.756 3.79777 20560
eIoni 0.0654417 0.559933 -0.437119 0.0073318 615.331 3.4252
eIoni 0.0748041 0.573726 -0.435144 0.00739463 609.728 5.6036
eIoni 0.077866 0.599316 -0.430679 0.00749267 601.924 7.80347
eIoni 0.0793661 0.612954 -0.426661 0.00754635 598.129 3.79523
eIoni 0.105951 0.631271 -0.396846 0.00771152 571.669 15.1527 20561 20562
eIoni 0.115067 0.65727 -0.383973 0.00782657 565.496 4.88288 20563
eIoni 0.129483 0.668559 -0.375276 0.0079034 554.941 8.25078 20564
eIoni 0.135501 0.692455 -0.374535 0.00799711 473.839 5.25941 20565
eIoni 0.163378 0.693923 -0.403674 0.00815457 460.411 9.46551 20566
eIoni 0.170317 0.69496 -0.408959 0.00818902 455.869 4.54207
eIoni 0.180057 0.691636 -0.415998 0.00823801 450.714 3.81098 20567
eIoni 0.192291 0.682067 -0.428609 0.00831679 444.574 4.196 20568
eIoni 0.205453 0.682788 -0.447095 0.00840642 437.762 2.87541 20569
eIoni 0.233257 0.685214 -0.439736 0.00852069 428.748 9.01372
eIoni 0.250161 0.691442 -0.437692 0.00859275 424.598 4.15028
eIoni 0.269276 0.698934 -0.43755 0.00867451 412.94 9.62709 20570
eIoni 0.270292 0.700371 -0.435251 0.0086861 404.659 6.25041 20571
eIoni 0.27242 0.702093 -0.430865 0.00870688 353.129 36.8315 20572
eIoni 0.272784 0.702291 -0.429827 0.00871151 353.056 0.0723637
eIoni 0.273354 0.702634 -0.428122 0.00871908 351.166 1.89036
eIoni 0.281727 0.707448 -0.405463 0.00882109 341.582 9.58424
eIoni 0.278286 0.716506 -0.397205 0.00887414 338.329 3.25279
eIoni 0.272571 0.714658 -0.387987 0.00892009 333.998 4.33075
eIoni 0.269614 0.714194 -0.385027 0.00893772 332.868 1.12961
eIoni 0.249834 0.699905 -0.361319 0.00908033 320.492 12.3764
eIoni 0.262196 0.69418 -0.349125 0.00915764 314.966 5.52653
eIoni 0.283528 0.695373 -0.327777 0.00928588 302.899 9.8956 20573
eIoni 0.285773 0.701495 -0.324469 0.00931722 297.026 2.79054 20574
eIoni 0.28688 0.705902 -0.322235 0.00933902 295.302 1.72323
eIoni 0.299822 0.743215 -0.337989 0.00952238 279.71 15.5923
eIoni 0.299835 0.74327 -0.33796 0.00952266 276.926 0.92656 20575
eIoni 0.304145 0.756003 -0.330931 0.00958914 264.619 10.0027 20576
eIoni 0.301602 0.767252 -0.32687 0.00964336 260.712 3.90657
eIoni 0.296237 0.77572 -0.329355 0.00968933 256.285 4.427
eIoni 0.290469 0.785645 -0.333287 0.00974359 251.573 4.71196
eIoni 0.291967 0.792124 -0.342058 0.00979305 245.564 6.00932
eIoni 0.278777 0.816362 -0.351206 0.00992456 233.317 9.33885 20577
eIoni 0.283731 0.821089 -0.349198 0.00995729 230.573 1.56916 20578
eIoni 0.284815 0.822305 -0.348209 0.00996606 228.639 0.901208 20579
eIoni 0.303338 0.844007 -0.32864 0.0101257 208.853 18.5907 20580
eIoni 0.303631 0.844285 -0.328167 0.0101286 207.26 0.0283285 20581
eIoni 0.306287 0.850335 -0.321543 0.0101731 203.496 3.76453
eIoni 0.313344 0.856116 -0.32001 0.0102172 199.418 2.98211 20582
eIoni 0.315442 0.857118 -0.318023 0.0102319 197.299 2.11864
eIoni 0.327843 0.859198 -0.300096 0.0103374 183.11 8.73551 20583
eIoni 0.328149 0.869816 -0.311582 0.0104145 174.064 9.04666
eIoni 0.333645 0.865661 -0.317557 0.0104602 171.594 1.45576 20584
eIoni 0.344429 0.862472 -0.310048 0.0105282 164.96 6.63395
eIoni 0.344293 0.862587 -0.309761 0.0105299 163.875 0 20585
eIoni 0.339802 0.866353 -0.301546 0.0105814 159.868 1.67195 20586
eIoni 0.342433 0.858534 -0.293683 0.0106401 154.483 5.38546
eIoni 0.343141 0.858521 -0.295148 0.0106486 154.084 0.39903
eIoni 0.344092 0.858208 -0.29706 0.0106598 151.741 2.34312
eIoni 0.345744 0.857228 -0.300686 0.0106813 149.612 1.04307 20587
eIoni 0.350542 0.854605 -0.307763 0.0107284 144.1 4.49516 20588
eIoni 0.349503 0.851907 -0.309989 0.0107479 141.99 2.10943
eIoni 0.351506 0.850137 -0.311087 0.0107633 139.976 0.993599 20589
eIoni 0.358735 0.839869 -0.31258 0.0108314 134.57 2.5765 20590
eIoni 0.350185 0.829583 -0.308095 0.0109084 121.876 7.7132 20591
eIoni 0.357024 0.82843 -0.305501 0.0109503 117.476 4.39981
eIoni 0.361726 0.826772 -0.301435 0.0109872 94.5051 0 20592 20593
eIoni 0.362955 0.827369 -0.298873 0.0110052 91.7049 1.5961 20594
eIoni 0.364939 0.821964 -0.298028 0.0110418 82.9684 2.0179 20595
eIoni 0.3688 0.820488 -0.293944 0.0110798 78.3811 4.58731
eIoni 0.369506 0.821155 -0.29561 0.0110928 74.5009 1.41381 20596
eIoni 0.369602 0.825772 -0.300059 0.0111366 63.7728 10.7281
eIoni 0.36692 0.825204 -0.295988 0.0111723 54.9032 5.68174 20597
eIoni 0.369228 0.827757 -0.297376 0.0112011 46.4003 8.50289
eIoni 0.367754 0.830117 -0.298273 0.0112256 41.2062 5.19414
eIoni 0.368213 0.830748 -0.299017 0.011235 40.7594 0.446768
eIoni 0.368635 0.830956 -0.296978 0.0112535 34.7703 4.96058 20598
eIoni 0.367968 0.831016 -0.297873 0.0112642 29.7667 3.81862 20599
eIoni 0.368176 0.831148 -0.298 0.011267 28.89 0.876714
eIoni 0.368216 0.83118 -0.297989 0.0112675 28.89 0
eIoni 0.368702 0.831565 -0.297735 0.0112745 26.0666 1.05532 20600
eIoni 0.369293 0.831559 -0.297419 0.0112817 24.0089 2.0577
eIoni 0.369033 0.832412 -0.296943 0.0112931 5.83807 15.8228 20601
eIoni 0.369046 0.832354 -0.297027 0.0112954 4.43349 1.40457
eIoni 0.369086 0.83241 -0.297048 0.0112972 2.25782 2.17568
eIoni 0.369095 0.832401 -0.297072 0.0112982 0 2.25782
>20601 2 e- 0.369033 0.832412 -0.296943 0.0112931 2.34801 1 PrScint 0 
msc 0.369041 0.832423 -0.29695 0.0112936 2.34801 0
eIoni 0.369055 0.832445 -0.296963 0.0112947 0 2.34801
>20600 2 e- 0.368702 0.831565 -0.297735 0.0112745 1.76813 1 PrScint 0 
msc 0.368702 0.831556 -0.297734 0.0112748 1.74187 0.0262612
eIoni 0.368695 0.83156 -0.297716 0.0112756 0 1.74187
>20599 2 e- 0.367968 0.831016 -0.297873 0.0112642 1.18495 1 PrScint 0 
msc 0.367963 0.831016 -0.297874 0.0112644 1.18495 0
eIoni 0.367954 0.831017 -0.297883 0.011265 0 1.18495
>20598 2 e- 0.368231 0.830757 -0.298928 0.0112358 1.02855 1 PrScint 0 
msc 0.368231 0.830757 -0.298924 0.0112361 1.02855 0
eIoni 0.368223 0.830758 -0.298917 0.0112366 0 1.02855
>20597 2 e- 0.368431 0.825524 -0.298282 0.0111522 3.18787 1 PrScint 0 
msc 0.368413 0.825523 -0.298285 0.0111527 2.87607 0.311799
eIoni 0.368381 0.82551 -0.298268 0.011154 0 2.87607
>20596 2 e- 0.369506 0.821155 -0.29561 0.0110928 2.46642 1 PrScint 0 
msc 0.369521 0.821157 -0.295613 0.0110933 2.44963 0.0167905
eIoni 0.369538 0.821177 -0.295628 0.0110943 0 2.44963
>20595 2 e- 0.364939 0.821964 -0.298028 0.0110418 6.71859 1 PrScint 0 
msc 0.364891 0.821987 -0.297972 0.0110434 6.3017 0.41689
eIoni 0.364815 0.822022 -0.297884 0.011046 0 6.3017
>20594 2 e- 0.362955 0.827369 -0.298873 0.0110052 1.20409 1 PrScint 0 
msc 0.362957 0.82737 -0.298869 0.0110055 1.20409 0
eIoni 0.362961 0.827359 -0.298872 0.0110061 0 1.20409
>20593 2 e- 0.361726 0.826772 -0.301435 0.0109872 18.6258 1 PrScint 0 
msc 0.361468 0.826969 -0.301267 0.0109918 17.859 0.766748
eIoni 0.361228 0.827185 -0.300922 0.0109979 15.761 2.09801
eIoni 0.361322 0.827039 -0.300855 0.0110005 13.7339 2.02713
eIoni 0.361302 0.826636 -0.300935 0.0110065 0 13.7339
>20592 2 e- 0.359144 0.827683 -0.303668 0.0109669 4.34521 1 PrScint 0 
msc 0.359182 0.827671 -0.303663 0.0109679 4.34521 0
eIoni 0.359248 0.82765 -0.303656 0.0109697 2.03624 2.30897
eIoni 0.359258 0.82766 -0.303675 0.0109706 0 2.03624
>20591 2 e- 0.350185 0.829583 -0.308095 0.0109084 4.98086 1 PrScint 0 
eIoni 0.350185 0.829583 -0.308095 0.0109084 3.65815 0.000225973 20602
eIoni 0.350142 0.829582 -0.30806 0.01091 0 3.65815
>20602 20591 e- 0.350185 0.829583 -0.308095 0.0109084 1.32248 1 PrScint 0 
msc 0.350188 0.829581 -0.308092 0.0109086 1.28988 0.0325934
eIoni 0.350191 0.82957 -0.308099 0.0109093 0 1.28988
>20590 2 e- 0.358735 0.839869 -0.31258 0.0108314 2.82939 1 PrScint 0 
msc 0.358746 0.839858 -0.312582 0.0108319 2.82939 0
eIoni 0.358731 0.839835 -0.312608 0.0108331 0 2.82939
>20589 2 e- 0.351506 0.850137 -0.311087 0.0107633 1.02079 1 PrScint 0 
msc 0.351503 0.850134 -0.311087 0.0107636 1.00415 0.0166326
eIoni 0.351494 0.850128 -0.311088 0.0107641 0 1.00415
>20588 2 e- 0.350542 0.854605 -0.307763 0.0107284 1.01765 1 PrScint 0 
msc 0.350541 0.854601 -0.307762 0.0107286 1.01765 0
eIoni 0.350538 0.854591 -0.307761 0.0107291 0 1.01765
>20587 2 e- 0.345744 0.857228 -0.300686 0.0106813 1.08519 1 PrScint 0 
msc 0.345747 0.857226 -0.300683 0.0106816 1.08519 0
eIoni 0.345755 0.857222 -0.300677 0.0106822 0 1.08519
>20586 2 e- 0.339802 0.866353 -0.301546 0.0105814 2.33437 1 PrScint 0 
msc 0.339798 0.86636 -0.301548 0.0105818 2.33437 0
eIoni 0.339783 0.866383 -0.301538 0.0105828 0 2.33437
>20585 2 e- 0.344293 0.862587 -0.309761 0.0105299 1.08531 1 PrScint 0 
msc 0.344296 0.862584 -0.309758 0.0105302 1.02586 0.0594528
eIoni 0.344303 0.862579 -0.309752 0.0105307 0 1.02586
>20584 2 e- 0.333645 0.865661 -0.317557 0.0104602 1.01405 1 PrScint 0 
msc 0.333647 0.86566 -0.317555 0.0104603 0.940863 0.0731842
eIoni 0.333652 0.865659 -0.317548 0.0104609 0 0.940863
>20583 2 e- 0.327843 0.859198 -0.300096 0.0103374 5.45358 1 PrScint 0 
msc 0.327886 0.859225 -0.300073 0.0103387 5.42794 0.0256381
eIoni 0.327961 0.859271 -0.300032 0.0103409 2.95968 2.46825
eIoni 0.327969 0.859271 -0.300071 0.0103422 0 2.95968
>20582 2 e- 0.313344 0.856116 -0.32001 0.0102172 1.09561 1 PrScint 0 
msc 0.313343 0.856118 -0.320006 0.0102174 1.09561 0
eIoni 0.313344 0.856121 -0.319995 0.010218 0 1.09561
>20581 2 e- 0.303631 0.844285 -0.328167 0.0101286 1.56456 1 PrScint 0 
msc 0.303631 0.844285 -0.328163 0.0101288 1.23197 0.332589
eIoni 0.303625 0.844286 -0.328152 0.0101294 0 1.23197
>20580 2 e- 0.303338 0.844007 -0.32864 0.0101257 1.1953 1 PrScint 0 
msc 0.303334 0.844008 -0.328638 0.010126 1.1953 0
eIoni 0.303328 0.844 -0.32863 0.0101266 0 1.1953
>20579 2 e- 0.284815 0.822305 -0.348209 0.00996606 1.0324 1 PrScint 0 
msc 0.284818 0.822305 -0.348212 0.00996632 0.928091 0.104304
eIoni 0.284825 0.822306 -0.348218 0.00996682 0 0.928091
>20578 2 e- 0.283731 0.821089 -0.349198 0.00995729 1.17544 1 PrScint 0 
msc 0.283728 0.821088 -0.349193 0.00995757 1.17544 0
eIoni 0.283721 0.821087 -0.349183 0.00995817 0 1.17544
>20577 2 e- 0.278777 0.816362 -0.351206 0.00992456 2.90784 1 PrScint 0 
msc 0.278769 0.81638 -0.351217 0.00992524 2.90784 0
eIoni 0.278771 0.816416 -0.351231 0.00992647 0 2.90784
>20576 2 e- 0.304145 0.756003 -0.330931 0.00958914 2.3041 1 PrScint 0 
msc 0.304131 0.756002 -0.330932 0.00958965 2.3041 0
eIoni 0.304108 0.755986 -0.330937 0.00959065 0 2.3041
>20575 2 e- 0.299835 0.74327 -0.33796 0.00952266 1.85768 1 PrScint 0 
msc 0.299824 0.743274 -0.337961 0.00952309 1.8386 0.0190789
eIoni 0.299805 0.743282 -0.337962 0.00952392 0 1.8386
>20574 2 e- 0.285773 0.701495 -0.324469 0.00931722 3.08293 1 PrScint 0 
msc 0.285753 0.7015 -0.324462 0.00931789 3.06558 0.0173491
eIoni 0.285743 0.70154 -0.324456 0.00931917 1.70638 1.35921
eIoni 0.285761 0.701536 -0.324454 0.00931995 0 1.70638
>20573 2 e- 0.283528 0.695373 -0.327777 0.00928588 2.17096 1 PrScint 0 
msc 0.283517 0.695373 -0.327782 0.00928635 1.22704 0.943922
eIoni 0.283506 0.695372 -0.327789 0.00928696 0 1.22704
>20572 2 e- 0.27242 0.702093 -0.430865 0.00870688 14.6985 1 PrScint 0 
msc 0.272449 0.701893 -0.430726 0.00871036 14.6506 0.0479372
eIoni 0.27244 0.701861 -0.430696 0.008711 14.6506 0
eIoni 0.272382 0.701533 -0.430386 0.00871748 3.57325 9.97518 20603
eIoni 0.272398 0.70158 -0.430401 0.00871898 0 3.57325
>20603 20572 e- 0.272382 0.701533 -0.430386 0.00871748 1.10214 1 PrScint 0 
msc 0.272377 0.701534 -0.430385 0.00871775 1.08306 0.019081
eIoni 0.272366 0.701538 -0.430385 0.00871831 0 1.08306
>20571 2 e- 0.270292 0.700371 -0.435251 0.0086861 2.03094 1 PrScint 0 
msc 0.270295 0.700383 -0.435249 0.00868656 2.03094 0
eIoni 0.2703 0.700405 -0.435242 0.00868746 0 2.03094
>20570 2 e- 0.269276 0.698934 -0.43755 0.00867451 2.03094 1 PrScint 0 
msc 0.269288 0.698936 -0.437553 0.00867498 2.03094 0
eIoni 0.269311 0.698939 -0.437558 0.00867588 0 2.03094
>20569 2 e- 0.202181 0.682608 -0.442499 0.00838414 3.93649 1 PrScint 0 
msc 0.202196 0.682622 -0.442497 0.00838469 3.93649 0
eIoni 0.202235 0.682668 -0.442505 0.00838633 0 3.93649
>20568 2 e- 0.192291 0.682067 -0.428609 0.00831679 1.9439 1 PrScint 0 
msc 0.192298 0.682058 -0.428605 0.00831724 1.92019 0.0237084
eIoni 0.19231 0.682041 -0.428598 0.0083181 0 1.92019
>20567 2 e- 0.180057 0.691636 -0.415998 0.00823801 1.34448 1 PrScint 0 
msc 0.180059 0.69163 -0.415996 0.00823832 0.902998 0.441482
eIoni 0.180063 0.691622 -0.415995 0.00823882 0 0.902998
>20566 2 e- 0.163378 0.693923 -0.403674 0.00815457 3.96191 1 PrScint 0 
msc 0.163397 0.693931 -0.403652 0.00815539 3.91653 0.0453822
eIoni 0.163404 0.69397 -0.403655 0.00815646 2.52308 1.39345
eIoni 0.16343 0.693989 -0.403655 0.00815755 0 2.52308
>20565 2 e- 0.135501 0.692455 -0.374535 0.00799711 75.843 1 PrScint 0 
msc 0.138317 0.694147 -0.374185 0.00801952 75.6388 0.204201
eIoni 0.142597 0.697785 -0.374729 0.00805784 67.1426 5.84773 20604
eIoni 0.143911 0.699581 -0.371892 0.00808356 63.359 3.78352
eIoni 0.145338 0.698998 -0.374091 0.00810318 60.3705 2.98855
eIoni 0.145262 0.699078 -0.374066 0.00810402 57.6571 0.0180237 20605
eIoni 0.1432 0.701019 -0.373606 0.00812583 52.6035 3.67587 20606
eIoni 0.145562 0.699673 -0.376039 0.00815467 42.3866 6.48142 20607
eIoni 0.145543 0.699088 -0.375217 0.00816344 39.8141 0.279811 20608
eIoni 0.145486 0.698848 -0.374321 0.00817174 37.3976 2.41647
eIoni 0.1458 0.6983 -0.373562 0.00818082 31.4329 1.81076 20609
eIoni 0.145613 0.697736 -0.372546 0.00819253 27.2979 2.17895 20610
eIoni 0.145374 0.698537 -0.371639 0.00820562 20.7058 4.72027 20611
eIoni 0.1447 0.698536 -0.371221 0.00821519 12.3876 7.18224 20612
eIoni 0.144646 0.698506 -0.370877 0.00822058 0 12.3876
>20612 20565 e- 0.1447 0.698536 -0.371221 0.00821519 1.13597 1 PrScint 0 
msc 0.144705 0.698534 -0.37122 0.00821547 1.11959 0.0163757
eIoni 0.144715 0.69853 -0.371219 0.00821604 0 1.11959
>20611 20565 e- 0.145374 0.698537 -0.371639 0.00820562 1.87181 1 PrScint 0 
msc 0.145377 0.698527 -0.371638 0.00820605 1.80162 0.0701965
eIoni 0.145383 0.698507 -0.371639 0.00820687 0 1.80162
>20610 20565 e- 0.145613 0.697736 -0.372546 0.00819253 1.95612 1 PrScint 0 
msc 0.145602 0.697731 -0.372544 0.00819298 1.9204 0.0357245
eIoni 0.145581 0.697723 -0.372542 0.00819384 0 1.9204
>20609 20565 e- 0.1458 0.6983 -0.373562 0.00818082 4.15391 1 PrScint 0 
msc 0.145808 0.69827 -0.373583 0.00818179 4.15391 0
eIoni 0.145793 0.698227 -0.37363 0.00818352 0 4.15391
>20608 20565 e- 0.145543 0.699088 -0.375217 0.00816344 2.29274 1 PrScint 0 
msc 0.145549 0.699077 -0.375216 0.00816391 2.2869 0.00583949
eIoni 0.145569 0.69906 -0.375206 0.00816491 0 2.2869
>20607 20565 e- 0.14323 0.701002 -0.373636 0.00812619 3.73547 1 PrScint 0 
msc 0.143231 0.701004 -0.373634 0.00812629 3.73547 0
eIoni 0.143233 0.701005 -0.37363 0.00812641 2.17289 0 20613
eIoni 0.143242 0.701026 -0.373617 0.00812736 0 2.17289
>20613 20607 e- 0.143233 0.701005 -0.37363 0.00812641 1.56258 1 PrScint 0 
msc 0.143236 0.701 -0.373623 0.00812677 1.54505 0.0175253
eIoni 0.14324 0.700991 -0.37361 0.0081275 0 1.54505
>20606 20565 e- 0.1432 0.701019 -0.373606 0.00812583 1.37772 1 PrScint 0 
msc 0.143205 0.701022 -0.37361 0.00812614 1.37772 0
eIoni 0.143215 0.701027 -0.37362 0.00812681 0 1.37772
>20605 20565 e- 0.145262 0.699078 -0.374066 0.00810402 2.69535 1 PrScint 0 
msc 0.145259 0.699074 -0.374063 0.00810423 2.69535 0
eIoni 0.145259 0.699074 -0.374063 0.00810424 1.69749 0.997862
eIoni 0.14524 0.699074 -0.374062 0.00810502 0 1.69749
>20604 20565 e- 0.142597 0.697785 -0.374729 0.00805784 2.64852 1 PrScint 0 
msc 0.142609 0.697784 -0.374717 0.00805842 1.98979 0.658739
eIoni 0.142624 0.697782 -0.374699 0.00805931 0 1.98979
>20564 2 e- 0.129483 0.668559 -0.375276 0.0079034 2.3041 1 PrScint 0 
msc 0.129487 0.668562 -0.375262 0.00790391 2.26889 0.0352038
eIoni 0.129505 0.668578 -0.375249 0.0079049 0 2.26889
>20563 2 e- 0.115067 0.65727 -0.383973 0.00782657 1.29032 1 PrScint 0 
msc 0.11507 0.65727 -0.383979 0.00782687 1.29032 0
eIoni 0.115079 0.657264 -0.383987 0.0078275 0 1.29032
>20562 2 e- 0.105951 0.631271 -0.396846 0.00771152 6.34086 1 PrScint 0 
msc 0.105974 0.631276 -0.396906 0.0077129 6.32422 0.0166421
eIoni 0.106001 0.631312 -0.397017 0.00771545 4.51185 1.81237
eIoni 0.106034 0.631353 -0.397011 0.0077168 3.46301 0.0195186 20614
eIoni 0.106057 0.631375 -0.39705 0.00771825 0 3.46301
>20614 20562 e- 0.106034 0.631353 -0.397011 0.0077168 1.02932 1 PrScint 0 
msc 0.106033 0.631357 -0.397009 0.00771705 1.00101 0.0283143
eIoni 0.106032 0.631366 -0.397004 0.00771758 0 1.00101
>20561 2 e- 0.0904458 0.620588 -0.414235 0.00761518 4.96628 1 PrScint 0 
msc 0.0904625 0.62061 -0.414271 0.00761628 4.88407 0.0822124
eIoni 0.0904833 0.620645 -0.414343 0.00761828 1.02289 3.86118
eIoni 0.0904911 0.620643 -0.414349 0.00761882 0 1.02289
>20560 2 gamma 0.0447873 0.538099 -0.430862 0.00720854 4.09718 1 PrScint 0 
phot 0.0513691 0.536286 -0.431298 0.00723136 0 0.98947 20615
>20615 20560 e- 0.0513691 0.536286 -0.431298 0.00723136 3.10771 1 PrScint 0 
msc 0.0513753 0.536298 -0.431318 0.0072321 3.10771 0
eIoni 0.0513863 0.536316 -0.431354 0.00723335 1.62962 1.47809
eIoni 0.0513809 0.536328 -0.431341 0.0072341 0 1.62962
>20559 2 e- 0.0274904 0.528271 -0.420102 0.0071241 2.17096 1 PrScint 0 
msc 0.0274821 0.528268 -0.420112 0.00712458 2.1166 0.0543672
eIoni 0.0274638 0.528265 -0.420129 0.00712551 0 2.1166
>20558 2 e- 0.0249295 0.526446 -0.418209 0.00711029 1.49938 1 PrScint 0 
msc 0.0249335 0.526448 -0.418202 0.00711062 1.48141 0.017972
eIoni 0.0249311 0.526455 -0.418189 0.00711132 0 1.48141
>20557 2 e- -0.00967984 0.483497 -0.366922 0.00680367 1.55795 1 PrScint 0 
msc -0.00968517 0.483502 -0.366918 0.00680403 1.53136 0.0265885
eIoni -0.00969565 0.483512 -0.366909 0.00680475 0 1.53136
>20556 2 e- -0.00593752 0.456401 -0.348952 0.00668061 6.70965 1 PrScint 0 
msc -0.00595208 0.456412 -0.348982 0.00668135 6.68249 0.0271609
eIoni -0.00584575 0.456381 -0.349057 0.00668413 0 6.68249
>20555 2 e- -0.0221934 0.400502 -0.305927 0.00640785 16.4241 1 PrScint 0 
msc -0.0219095 0.400433 -0.305895 0.00641181 15.9566 0.467519
eIoni -0.0214728 0.400479 -0.305815 0.0064179 12.813 1.28194 20616
eIoni -0.0216162 0.400205 -0.305888 0.00642273 9.18403 3.62895
eIoni -0.0217124 0.400276 -0.30607 0.00642662 0 9.18403
>20616 20555 e- -0.0214728 0.400479 -0.305815 0.0064179 1.86165 1 PrScint 0 
msc -0.0214644 0.400476 -0.305821 0.00641833 1.80433 0.0573157
eIoni -0.0214468 0.400472 -0.305831 0.00641915 0 1.80433
>20554 2 e- -0.0322369 0.390406 -0.302261 0.0063538 2.23693 1 PrScint 0 
msc -0.0322395 0.390401 -0.302273 0.0063543 2.23693 0
eIoni -0.0322658 0.390399 -0.302281 0.00635528 0 2.23693
>20553 2 e- -0.0363996 0.357936 -0.262589 0.00614885 1.04088 1 PrScint 0 
msc -0.0363992 0.35794 -0.262586 0.0061491 0.913446 0.12743
eIoni -0.0363985 0.357947 -0.262581 0.0061496 0 0.913446
>20552 2 e- -0.00320658 0.336005 -0.233378 0.0059681 3.894 1 PrScint 0 
msc -0.00318826 0.336032 -0.233387 0.00596901 3.61412 0.279884
eIoni -0.00318509 0.336075 -0.233401 0.0059703 2.31243 1.30169
eIoni -0.0031757 0.336082 -0.233375 0.0059713 0 2.31243
>20551 2 e- 0.000141501 0.333617 -0.230015 0.00594866 20.4478 1 PrScint 0 
msc -2.13693e-05 0.33384 -0.229689 0.00595385 18.8496 1.59813
eIoni -0.000264536 0.334118 -0.229214 0.00596143 9.88204 2.56954 20617
eIoni -0.000258024 0.333874 -0.229198 0.00596564 0 9.88204
>20617 20551 e- -0.000264536 0.334118 -0.229214 0.00596143 6.39806 1 PrScint 0 
msc -0.000289894 0.334112 -0.22928 0.00596294 6.36497 0.0330954
eIoni -0.000334241 0.334102 -0.229396 0.00596559 0 6.36497
>20550 2 e- 0.0385776 0.36116 -0.217374 0.00573214 3.70016 1 PrScint 0 
msc 0.0385569 0.361172 -0.217389 0.00573291 3.70016 0
eIoni 0.0385183 0.361179 -0.217426 0.00573443 1.59438 0.532795 20618
eIoni 0.0385108 0.361168 -0.217437 0.00573517 0 1.59438
>20618 20550 e- 0.0385183 0.361179 -0.217426 0.00573443 1.57299 1 PrScint 0 
msc 0.0385223 0.361173 -0.217422 0.00573479 1.48273 0.0902573
eIoni 0.0385298 0.36116 -0.217415 0.00573549 0 1.48273
>20549 2 e- 0.116071 0.492345 -0.166141 0.00513517 6.43135 1 PrScint 0 
msc 0.116029 0.492305 -0.166111 0.00513655 6.37139 0.059969
eIoni 0.115976 0.492273 -0.166003 0.0051392 0 6.37139
>20548 2 e- 0.119148 0.498845 -0.162975 0.00510672 4.48697 1 PrScint 0 
msc 0.119109 0.498862 -0.162976 0.00510779 4.19859 0.288383
eIoni 0.119048 0.498888 -0.162978 0.00510953 0 4.19859
>20547 2 e- 0.153045 0.547405 -0.157821 0.00489091 1.44841 1 PrScint 0 
msc 0.153042 0.547405 -0.157827 0.00489123 1.41131 0.0371031
eIoni 0.153032 0.547405 -0.157839 0.00489191 0 1.41131
>20546 2 e- 0.174587 0.562935 -0.150964 0.00479188 1.37509 1 PrScint 0 
msc 0.174589 0.562934 -0.150971 0.0047922 1.31173 0.0633631
eIoni 0.174594 0.562933 -0.150983 0.00479284 0 1.31173
>20545 2 e- 0.178777 0.568758 -0.147445 0.00476304 14.6889 1 PrScint 0 
msc 0.178583 0.568787 -0.147451 0.00476582 13.7343 0.954594
eIoni 0.178428 0.568764 -0.147831 0.00477185 7.84894 5.88534
eIoni 0.178527 0.56889 -0.147771 0.00477514 0 7.84894
>20544 2 e- 0.19753 0.601275 -0.125484 0.00460643 4.52767 1 PrScint 0 
msc 0.197543 0.601293 -0.12552 0.0046075 4.4346 0.0930694
eIoni 0.197571 0.601322 -0.12558 0.00460934 0.213608 4.22099
eIoni 0.197573 0.601323 -0.125581 0.00460964 0 0.213608
>20543 2 e- 0.202159 0.608747 -0.117601 0.00456393 1.46102 1 PrScint 0 
msc 0.202156 0.60875 -0.117603 0.00456416 1.41757 0.0434483
eIoni 0.202163 0.608759 -0.117612 0.00456484 0 1.41757
>20542 2 e- 0.209448 0.613465 -0.111686 0.00452618 2.92158 1 PrScint 0 
msc 0.209454 0.61348 -0.111702 0.00452687 2.92158 0
eIoni 0.209464 0.613506 -0.11173 0.00452811 0 2.92158
>20541 2 e- 0.213015 0.615774 -0.108792 0.00450771 2.87209 1 PrScint 0 
msc 0.213027 0.615756 -0.108794 0.00450839 2.87209 0
eIoni 0.213048 0.615727 -0.108799 0.00450955 0.598623 2.27347
eIoni 0.213044 0.61573 -0.108797 0.00450995 0 0.598623
>20540 2 e- 0.234964 0.618492 -0.0941816 0.00441253 1.68014 1 PrScint 0 
msc 0.234961 0.618487 -0.0941751 0.0044129 1.48531 0.194833
eIoni 0.234958 0.618475 -0.094165 0.0044136 0 1.48531
>20539 2 e- 0.314932 0.578893 -0.0821081 0.00407985 6.56997 1 PrScint 0 
msc 0.31493 0.578857 -0.0821676 0.00408131 6.56997 0
eIoni 0.314912 0.578769 -0.0822624 0.00408405 0 6.56997
>20538 2 e- 0.334237 0.553661 -0.0841666 0.00396597 2.40563 1 PrScint 0 
msc 0.334249 0.553669 -0.0841688 0.00396647 2.38889 0.0167383
eIoni 0.334255 0.553641 -0.0841751 0.0039675 0 2.38889
>20537 2 e- 0.368565 0.498487 -0.054174 0.00370452 3.41966 1 PrScint 0 
msc 0.368556 0.498473 -0.0541729 0.00370501 3.15236 0.267295
eIoni 0.368535 0.498435 -0.054182 0.00370634 0 3.15236
>20536 2 e- 0.447872 0.393357 -0.025351 0.00319017 8.69482 1 PrScint 0 
msc 0.447784 0.393367 -0.0254055 0.00319208 7.28593 1.40889
eIoni 0.44764 0.393373 -0.0254545 0.00319512 1.54005 5.74588
eIoni 0.447627 0.393381 -0.0254615 0.00319584 0 1.54005
>20535 2 e- 0.454336 0.386496 -0.0276558 0.00315568 3.40627 1 PrScint 0 
msc 0.454335 0.386503 -0.0276828 0.0031565 2.56167 0.844605
eIoni 0.454343 0.386509 -0.0277144 0.0031576 1.96267 0.598998
eIoni 0.454328 0.386527 -0.0277149 0.00315847 0 1.96267
>20534 2 e- 0.458352 0.382234 -0.0290877 0.00313426 1.25364 1 PrScint 0 
msc 0.458353 0.382237 -0.029083 0.00313454 1.06962 0.184022
eIoni 0.458355 0.382245 -0.0290754 0.0031351 0 1.06962
>20533 2 e- 0.471843 0.287247 -0.00995401 0.00278345 2.59137 1 PrScint 0 
msc 0.471834 0.28725 -0.0099442 0.00278392 2.30941 0.281961
eIoni 0.471832 0.287271 -0.00996348 0.00278492 0 2.30941
>20532 2 e- 0.508029 0.222986 -0.0228505 0.00251379 3.23467 1 PrScint 0 
msc 0.508008 0.222978 -0.0228384 0.00251455 3.23467 0
eIoni 0.507969 0.222974 -0.0228149 0.00251591 0 3.23467
>20531 2 e- 0.512952 0.210166 -0.0278509 0.00246209 2.72614 1 PrScint 0 
msc 0.512933 0.210164 -0.0278496 0.00246273 2.72614 0
eIoni 0.512897 0.210157 -0.0278463 0.00246389 0 2.72614
>20530 2 e- 0.515253 0.204176 -0.0301875 0.00243793 24.2807 1 PrScint 0 
msc 0.515217 0.203699 -0.0303017 0.00244344 24.1804 0.10031
eIoni 0.515273 0.202688 -0.0304387 0.00245491 11.9721 12.2083
eIoni 0.515158 0.20297 -0.0305622 0.00246007 5.74277 1.2419 20619
eIoni 0.515256 0.202981 -0.0306007 0.00246245 0 5.74277
>20619 20530 e- 0.515158 0.20297 -0.0305622 0.00246007 4.98742 1 PrScint 0 
msc 0.515139 0.202938 -0.0305879 0.00246117 4.94998 0.0374429
eIoni 0.515065 0.20291 -0.0306198 0.00246322 0 4.94998
>20529 2 e- 0.509923 0.15954 -0.0230652 0.00227744 1.08489 1 PrScint 0 
msc 0.509928 0.159539 -0.0230645 0.0022777 1.0638 0.0210943
eIoni 0.509939 0.159539 -0.0230632 0.00227826 0 1.0638
>20528 2 e- 0.507626 0.142217 -0.0275031 0.00221334 6.35189 1 PrScint 0 
msc 0.507601 0.142238 -0.0274421 0.00221481 6.01521 0.336685
eIoni 0.507562 0.142282 -0.0273457 0.00221729 1.60171 4.4135
eIoni 0.507561 0.142267 -0.0273361 0.00221803 0 1.60171
>20527 2 e- 0.507019 0.12746 -0.0327255 0.00215816 2.93755 1 PrScint 0 
msc 0.507036 0.127456 -0.0327127 0.00215886 2.86275 0.0747976
eIoni 0.507067 0.127449 -0.0326908 0.00216007 0 2.86275
>20526 2 e- 0.506305 0.105571 -0.0491393 0.0020618 2.3041 1 PrScint 0 
msc 0.506302 0.105567 -0.0491257 0.00206232 2.23625 0.0678514
eIoni 0.506299 0.105559 -0.0490995 0.0020633 0 2.23625
>20525 2 e- 0.499577 0.0664285 -0.0866931 0.00185363 3.50937 1 PrScint 0 
msc 0.499601 0.0664115 -0.0866902 0.00185447 3.50937 0
eIoni 0.499634 0.0663738 -0.0866812 0.00185593 1.1248 2.38457
eIoni 0.499634 0.0663722 -0.0866925 0.0018565 0 1.1248
>20524 2 e- 0.382413 0.0264006 -0.104265 0.00141247 1.02374 1 PrScint 0 
msc 0.382412 0.0264034 -0.104268 0.00141272 1.02374 0
eIoni 0.382408 0.0264093 -0.104276 0.00141326 0 1.02374
>20523 2 gamma 0.379089 0.0262591 -0.102605 0.00139944 4.41299 1 PrScint 0 
phot 0.373452 0.0240746 -0.0989569 0.00142299 0 0.98947 20620
>20620 20523 e- 0.373452 0.0240746 -0.0989569 0.00142299 3.42352 1 PrScint 0 
msc 0.373462 0.0240806 -0.0989759 0.00142364 3.17107 0.252448
eIoni 0.37349 0.0241062 -0.0989997 0.00142498 0 3.17107
>20522 2 e- 0.321018 0.0237875 -0.0736146 0.00117185 3.43691 1 PrScint 0 
msc 0.320991 0.0237926 -0.0736209 0.00117267 3.3276 0.109307
eIoni 0.320952 0.0238059 -0.0736443 0.00117407 0 3.3276
>20521 2 e- 0.270152 0.0216225 -0.0482207 0.000972502 2.23902 1 PrScint 0 
msc 0.270147 0.0216327 -0.0482278 0.00097298 2.23902 0
eIoni 0.270122 0.0216333 -0.0482394 0.000973959 0 2.23902
>20520 2 e- 0.155512 0.00817399 -0.0417234 0.000564792 1.91394 1 PrScint 0 
msc 0.155514 0.00816898 -0.0417135 0.000565228 1.91394 0
eIoni 0.155524 0.00815725 -0.0416975 0.000566086 0 1.91394
>20519 2 e- 0.149821 0.0075482 -0.0418995 0.000544758 9.57728 1 PrScint 0 
msc 0.149784 0.00754632 -0.042009 0.000546777 8.336 1.24128
eIoni 0.149646 0.00750391 -0.0421289 0.000550284 0 8.336
>20518 2 e- 0.0124111 0.000384341 -0.00277328 4.44186e-05 1.058 1 PrScint 0 
msc 0.0124099 0.000386566 -0.00277753 4.46753e-05 1.01634 0.041652
eIoni 0.0124074 0.000391132 -0.00278624 4.52124e-05 0 1.01634
>1 0 e- 0 0 0 0 1228.91 1 PrScint 0 
eIoni -0.0324977 0.0107579 -3.69556e-05 0.000119454 1223.8 5.10772
eIoni -0.0458675 0.0197831 -0.00180623 0.000176097 1218.42 5.38622
eIoni -0.0537904 0.0250443 -0.0021516 0.000209327 1215.91 2.50517
eIoni -0.0550372 0.0257589 -0.00212502 0.000214346 1212.69 0.69091 20621
eBrem -0.0636702 0.0308443 -0.00186747 0.000249353 988.996 1.18997 20622
eIoni -0.107978 0.0498557 -0.00199575 0.000420413 979.583 9.41325
eIoni -0.111217 0.0518227 -0.000273271 0.000435195 977.657 1.92527
eIoni -0.154307 0.0763365 0.0193965 0.000624609 965.103 10.5235 20623
eIoni -0.200937 0.0777757 0.0232561 0.000791051 955.644 6.77846 20624
eIoni -0.206363 0.0809073 0.0265621 0.000816261 952.964 2.68
eIoni -0.260617 0.119909 0.0625259 0.00108637 945.785 7.17875
eIoni -0.267068 0.123434 0.068331 0.00111973 943.416 2.36885
eIoni -0.27033 0.125101 0.0714055 0.00113677 941.47 1.94627
eIoni -0.286718 0.134904 0.0816894 0.00121406 937.282 4.188
eIoni -0.296965 0.142335 0.0935339 0.00127586 896.23 1.28133 20625
eIoni -0.327078 0.161456 0.127497 0.00145219 882.555 13.6747
eIoni -0.355642 0.16727 0.144925 0.00157396 874.787 7.76816
eIoni -0.371733 0.173978 0.162805 0.00166357 870.654 4.13335
eIoni -0.384847 0.185884 0.17873 0.00174909 862.047 8.60655
eIoni -0.389797 0.188629 0.18368 0.00177611 811.137 36.2116 20626
eIoni -0.400801 0.191197 0.193575 0.00183044 801.324 7.64215 20627
eIoni -0.402608 0.192497 0.201336 0.00185967 793.081 1.19278 20628
eIoni -0.403895 0.194636 0.211577 0.00189789 791.277 1.80364
eIoni -0.405352 0.204675 0.244958 0.00202442 783.43 7.84698
eIoni -0.407403 0.208431 0.26576 0.00210152 743.699 0 20629 20630 20631
eIoni -0.407478 0.20846 0.266712 0.00210501 742.289 1.41035
eIoni -0.408185 0.208763 0.27481 0.00213473 740.075 2.21354
eIoni -0.409033 0.210707 0.287265 0.0021809 734.542 5.53368
eIoni -0.402429 0.207141 0.331363 0.00234451 727.605 6.93664
eIoni -0.401078 0.200733 0.339606 0.00238307 725.905 1.70028
eIoni -0.399131 0.186886 0.359897 0.00247333 719.737 6.16713
eIoni -0.399658 0.186387 0.360143 0.00247614 718.113 1.62477
eIoni -0.41454 0.171854 0.366847 0.0025563 710.369 5.20139 20632
eIoni -0.414849 0.171662 0.367234 0.00255825 691.012 0 20633
eIoni -0.425116 0.166981 0.377295 0.00261396 686.103 4.9096
eIoni -0.42722 0.165508 0.379355 0.0026261 684.522 1.58096
eIoni -0.44683 0.151516 0.399917 0.00274297 677.165 4.92149 20634
eIoni -0.453135 0.137987 0.441137 0.00290495 665.792 8.005 20635
eIoni -0.447598 0.134975 0.484267 0.00306635 656.524 7.91561 20636
eIoni -0.440919 0.12866 0.494435 0.00311721 653.515 3.00878
eIoni -0.426744 0.114666 0.511968 0.00321572 646.137 7.37891
eIoni -0.42452 0.112307 0.514959 0.00323211 632.017 1.30021 20637
eIoni -0.411503 0.101734 0.536614 0.00333425 625.391 6.62671
eIoni -0.355192 0.0851446 0.572294 0.0035908 613.375 12.0152
eIoni -0.339645 0.0831083 0.579979 0.00365619 609.833 3.54208
eIoni -0.333412 0.0798105 0.581464 0.0036832 592.057 0.934229 20638
eIoni -0.258913 0.0510742 0.587958 0.00398474 576.624 11.4054 20639
eIoni -0.257583 0.0499142 0.58748 0.00399165 575.15 1.4739
eIoni -0.246412 0.0441995 0.582205 0.00404311 570.059 2.73572 20640
eIoni -0.234694 0.0366756 0.580273 0.00409632 559.206 8.54836 20641
eIoni -0.232924 0.0350282 0.580046 0.00410554 557.741 1.46568
eIoni -0.230329 0.0334043 0.579905 0.00411718 501.814 0.11089 20642
eIoni -0.226193 0.0320295 0.580554 0.00413421 487.019 0.530276 20643
eIoni -0.217833 0.0320408 0.583117 0.00416816 484.501 2.51779
eIoni -0.216244 0.0655288 0.594715 0.00430605 477.193 4.33354 20644
eIoni -0.213072 0.0794699 0.596605 0.00436225 464.694 3.2928 20645
eIoni -0.214256 0.100441 0.599946 0.00444553 456.711 7.98388
eIoni -0.193495 0.119412 0.60652 0.00455898 448.189 6.89973 20646
eIoni -0.200511 0.153758 0.61224 0.00469898 431.589 11.7144 20647
eIoni -0.200509 0.153794 0.61221 0.00469917 430.355 0.00899614 20648
eIoni -0.200065 0.166235 0.602649 0.00476152 424.451 5.90385
eIoni -0.20069 0.183737 0.592213 0.0048427 420.63 3.82109
eIoni -0.200727 0.18482 0.591411 0.00484808 418.298 2.33202
eIoni -0.201046 0.190368 0.58744 0.00487536 416.622 0.665039 20649
eIoni -0.200702 0.194297 0.585141 0.00489361 412.101 2.66577 20650
eIoni -0.200884 0.194722 0.585546 0.00489607 410.484 1.61648
eIoni -0.203776 0.201173 0.591089 0.00493208 408.569 1.91544
eIoni -0.209508 0.206463 0.595357 0.00496775 404.651 3.9177
eIoni -0.235934 0.218887 0.622148 0.00512706 396.813 7.83847
eIoni -0.251218 0.255495 0.592563 0.00532678 379.413 17.3995
eIoni -0.256219 0.257605 0.593352 0.00534913 376.882 0.863594 20651
eIoni -0.256961 0.257607 0.593359 0.00535215 375.205 1.67749
eIoni -0.312865 0.25829 0.593922 0.00558043 356.55 18.6549
eIoni -0.326074 0.232362 0.568848 0.00573898 347.715 8.83482
eIoni -0.327884 0.229879 0.56784 0.00575241 340.769 4.91503 20652
eIoni -0.360742 0.199208 0.551626 0.00595163 319.058 15.3615 20653
eIoni -0.36871 0.190815 0.566875 0.00603266 309.247 5.66476 20654
eIoni -0.381553 0.175204 0.559949 0.00612378 306.089 3.15748
eIoni -0.39157 0.158861 0.522706 0.00630284 288.157 10.3121 20655
eIoni -0.383669 0.157953 0.493514 0.0064341 276.576 6.12273 20656 20657
eIoni -0.383129 0.158038 0.489493 0.00645189 273.365 0.392974 20658
eIoni -0.380478 0.159121 0.479095 0.00649932 267.982 2.8695 20659
eIoni -0.392438 0.150592 0.472369 0.00657072 262.826 3.71497 20660
eIoni -0.410133 0.132587 0.476822 0.00668459 256.1 5.15268 20661
eIoni -0.410631 0.135703 0.469779 0.0067191 254.352 1.74845
eIoni -0.407972 0.139405 0.45935 0.0067701 246.296 4.72091 20662
eIoni -0.411405 0.11695 0.457561 0.00687309 239.37 6.9257
eIoni -0.408177 0.0975025 0.43567 0.00700728 213.961 15.5729 20663
eIoni -0.407199 0.0753314 0.420176 0.00713456 196.793 17.1681
eIoni -0.406935 0.0743055 0.419647 0.00714027 195.559 0.172539 20664
eIoni -0.404114 0.0706153 0.413621 0.00717702 192.381 3.1785
eIoni -0.418131 0.0561315 0.407192 0.00727972 185.192 6.08876 20665
eIoni -0.422218 0.0576588 0.407906 0.00730144 183.908 1.28364
eIoni -0.429585 0.062376 0.411211 0.00734747 178.634 5.27459
eIoni -0.437071 0.0685322 0.417314 0.00740436 172.094 5.45721 20666
eIoni -0.439269 0.0687412 0.417598 0.00741555 170.026 2.06786
eIoni -0.448571 0.0706737 0.421984 0.00746835 166.546 3.4793
eIoni -0.45014 0.0764565 0.42831 0.00751261 163.601 2.9457
eIoni -0.452811 0.0632877 0.441332 0.00760822 150.735 12.8662
eIoni -0.453091 0.0568933 0.440977 0.00764188 145.282 2.63107 20667
eIoni -0.434775 0.0522926 0.439146 0.00774274 108.061 37.2215
eIoni -0.434994 0.0506217 0.439194 0.0077527 105.941 2.12032
eIoni -0.436173 0.04776 0.439226 0.00777113 103.362 2.57841
eIoni -0.440422 0.0423775 0.44319 0.00781873 98.1052 5.25703
eIoni -0.439143 0.0347318 0.438403 0.00787457 89.2871 4.80201 20668
eIoni -0.439486 0.0348416 0.438635 0.00787729 74.5165 0.289103 20669
eIoni -0.443199 0.0354888 0.443329 0.00791842 67.1975 6.11135 20670
eIoni -0.445202 0.036316 0.439044 0.00795266 58.0922 9.10537
eIoni -0.443406 0.0395881 0.439335 0.00798103 52.6745 5.41772
eIoni -0.444893 0.0408623 0.440738 0.00800007 47.5637 3.17998 20671
eIoni -0.444728 0.0428653 0.439839 0.00801825 42.8643 3.19602 20672
eIoni -0.445871 0.0414726 0.441729 0.00804083 28.5196 14.3447
eIoni -0.445847 0.0411348 0.441229 0.00804711 27.4052 1.11442
eIoni -0.445848 0.0418378 0.440242 0.00805995 22.6676 4.73758
eIoni -0.445931 0.0412593 0.440921 0.00807032 15.8684 5.42876 20673
eIoni -0.445889 0.0408685 0.441258 0.00807741 7.64216 6.83111 20674
eIoni -0.445894 0.0407728 0.441125 0.00808061 0 7.64216
>20674 1 e- -0.445889 0.0408685 0.441258 0.00807741 1.39514 1 PrScint 0 
msc -0.445891 0.0408736 0.441254 0.00807773 1.39514 0
eIoni -0.445888 0.0408781 0.44124 0.0080784 0 1.39514
>20673 1 e- -0.445931 0.0412593 0.440921 0.00807032 1.37042 1 PrScint 0 
msc -0.445931 0.0412544 0.440918 0.0080706 1.37042 0
eIoni -0.44593 0.0412419 0.440925 0.00807126 0 1.37042
>20672 1 e- -0.444728 0.0428653 0.439839 0.00801825 1.50344 1 PrScint 0 
msc -0.444722 0.0428599 0.439839 0.00801861 1.45944 0.0440041
eIoni -0.44471 0.0428493 0.439838 0.0080193 0 1.45944
>20671 1 e- -0.444893 0.0408623 0.440738 0.00800007 1.93076 1 PrScint 0 
msc -0.444892 0.0408677 0.440739 0.00800029 1.93076 0
eIoni -0.444903 0.0408838 0.440728 0.00800115 0 1.93076
>20670 1 e- -0.443199 0.0354888 0.443329 0.00791842 1.20756 1 PrScint 0 
msc -0.443196 0.0354842 0.443327 0.00791871 1.20756 0
eIoni -0.44319 0.0354745 0.443322 0.00791932 0 1.20756
>20669 1 e- -0.439486 0.0348416 0.438635 0.00787729 14.4816 1 PrScint 0 
msc -0.439514 0.0349624 0.438462 0.00788033 14.0321 0.449446
eIoni -0.439309 0.0351503 0.43814 0.00788651 4.30559 5.72411 20675
eIoni -0.439328 0.0351253 0.438164 0.00788754 3.1499 0.0467653 20676
eIoni -0.439364 0.0351128 0.438187 0.00788886 0 3.1499
>20676 20669 e- -0.439328 0.0351253 0.438164 0.00788754 1.10892 1 PrScint 0 
msc -0.439329 0.0351256 0.438166 0.00788764 0.808486 0.300438
eIoni -0.439331 0.0351303 0.438172 0.0078881 0 0.808486
>20675 20669 e- -0.439309 0.0351503 0.43814 0.00788651 4.00243 1 PrScint 0 
msc -0.439316 0.0351499 0.438139 0.00788672 3.94697 0.0554629
eIoni -0.439361 0.0351871 0.438158 0.00788837 0 3.94697
>20668 1 e- -0.439576 0.0373223 0.440025 0.00785565 4.01601 1 PrScint 0 
msc -0.439601 0.0373214 0.440047 0.00785654 2.39731 1.6187
eIoni -0.439613 0.0373181 0.440075 0.00785758 0 2.39731
>20667 1 e- -0.453091 0.0568933 0.440977 0.00764188 2.82109 1 PrScint 0 
msc -0.453096 0.0568731 0.44098 0.00764255 2.82109 0
eIoni -0.453103 0.0568367 0.440985 0.00764375 0 2.82109
>20666 1 e- -0.437071 0.0685322 0.417314 0.00740436 1.08294 1 PrScint 0 
msc -0.437072 0.0685332 0.417309 0.00740462 1.08294 0
eIoni -0.437073 0.0685354 0.417298 0.00740518 0 1.08294
>20665 1 e- -0.418131 0.0561315 0.407192 0.00727972 1.10008 1 PrScint 0 
msc -0.418132 0.0561304 0.407187 0.00727999 1.10008 0
eIoni -0.418135 0.0561279 0.407176 0.00728055 0 1.10008
>20664 1 e- -0.406935 0.0743055 0.419647 0.00714027 1.06067 1 PrScint 0 
msc -0.406932 0.0743047 0.419651 0.00714052 0.700811 0.359862
eIoni -0.406928 0.0743055 0.419657 0.00714095 0 0.700811
>20663 1 e- -0.408177 0.0975025 0.43567 0.00700728 9.83654 1 PrScint 0 
msc -0.408168 0.0975033 0.435669 0.00700744 9.83654 0
eIoni -0.40813 0.0975017 0.435662 0.0070081 8.30509 0.0169743 20677
eIoni -0.407948 0.0975254 0.435692 0.00701159 0 8.30509
>20677 20663 e- -0.40813 0.0975017 0.435662 0.0070081 1.51448 1 PrScint 0 
msc -0.408131 0.0975086 0.435658 0.00700845 1.51448 0
eIoni -0.408131 0.0975227 0.435649 0.00700916 0 1.51448
>20662 1 e- -0.407972 0.139405 0.45935 0.0067701 3.33492 1 PrScint 0 
msc -0.407956 0.139419 0.459348 0.00677073 3.33492 0
eIoni -0.407924 0.139453 0.459359 0.00677213 0 3.33492
>20661 1 e- -0.410133 0.132587 0.476822 0.00668459 1.57349 1 PrScint 0 
msc -0.410133 0.13258 0.476818 0.00668495 1.57349 0
eIoni -0.410131 0.132564 0.476811 0.00668569 0 1.57349
>20660 1 e- -0.392438 0.150592 0.472369 0.00657072 1.44078 1 PrScint 0 
msc -0.392442 0.150597 0.472374 0.00657106 0.728088 0.712695
eIoni -0.392446 0.150601 0.472378 0.0065715 0 0.728088
>20659 1 e- -0.380478 0.159121 0.479095 0.00649932 2.51327 1 PrScint 0 
msc -0.380473 0.159109 0.479105 0.00649988 2.38676 0.126505
eIoni -0.380466 0.159095 0.479131 0.00650092 0 2.38676
>20658 1 e- -0.383129 0.158038 0.489493 0.00645189 2.81841 1 PrScint 0 
msc -0.383135 0.158019 0.489489 0.00645256 1.73008 1.08833
eIoni -0.38314 0.158 0.489486 0.00645335 0 1.73008
>20657 1 e- -0.383669 0.157953 0.493514 0.0064341 2.59956 1 PrScint 0 
msc -0.383668 0.157939 0.49351 0.0064346 2.49622 0.103346
eIoni -0.383646 0.157928 0.493489 0.00643567 0 2.49622
>20656 1 e- -0.387488 0.158392 0.507625 0.00637065 2.85867 1 PrScint 0 
msc -0.387473 0.158397 0.507611 0.00637133 2.83798 0.0206928
eIoni -0.387447 0.158407 0.507585 0.00637254 0 2.83798
>20655 1 e- -0.39157 0.158861 0.522706 0.00630284 7.6202 1 PrScint 0 
msc -0.39156 0.158775 0.522714 0.00630455 7.56531 0.0548894
eIoni -0.391549 0.158621 0.522762 0.00630772 1.16664 6.39867
eIoni -0.391541 0.158629 0.522759 0.00630831 0 1.16664
>20654 1 e- -0.36871 0.190815 0.566875 0.00603266 4.1458 1 PrScint 0 
msc -0.368719 0.190825 0.566902 0.00603348 4.13065 0.0151527
eIoni -0.368783 0.190829 0.566912 0.00603519 0 4.13065
>20653 1 e- -0.360742 0.199208 0.551626 0.00595163 6.34997 1 PrScint 0 
msc -0.360694 0.199157 0.551622 0.00595312 5.37385 0.976119
eIoni -0.360622 0.199099 0.551599 0.00595534 2.80986 2.56399
eIoni -0.360606 0.199094 0.551632 0.00595653 0 2.80986
>20652 1 e- -0.327884 0.229879 0.56784 0.00575241 2.03094 1 PrScint 0 
msc -0.327881 0.229868 0.567836 0.00575287 1.98354 0.0474023
eIoni -0.32788 0.229845 0.567832 0.00575376 0 1.98354
>20651 1 e- -0.256219 0.257605 0.593352 0.00534913 1.66753 1 PrScint 0 
msc -0.256215 0.257603 0.59336 0.00534949 1.64647 0.0210642
eIoni -0.256198 0.257606 0.593364 0.00535025 0 1.64647
>20650 1 e- -0.200702 0.194297 0.585141 0.00489361 1.85544 1 PrScint 0 
msc -0.200708 0.1943 0.585133 0.00489401 1.47606 0.379386
eIoni -0.20071 0.194298 0.585118 0.00489471 0 1.47606
>20649 1 e- -0.201046 0.190368 0.58744 0.00487536 1.01111 1 PrScint 0 
msc -0.201045 0.190368 0.587436 0.00487556 1.01111 0
eIoni -0.20104 0.190368 0.587427 0.0048761 0 1.01111
>20648 1 e- -0.200509 0.153794 0.61221 0.00469917 1.22449 1 PrScint 0 
msc -0.200506 0.153791 0.612206 0.00469945 1.22449 0
eIoni -0.200497 0.153795 0.612198 0.00470006 0 1.22449
>20647 1 e- -0.200511 0.153758 0.61224 0.00469898 4.88599 1 PrScint 0 
msc -0.200547 0.153745 0.612213 0.00470012 4.10802 0.777971
eIoni -0.200587 0.153746 0.612162 0.00470183 0 4.10802
>20646 1 e- -0.193495 0.119412 0.60652 0.00455898 1.6219 1 PrScint 0 
msc -0.193494 0.119413 0.606528 0.0045593 1.6219 0
eIoni -0.19349 0.119428 0.606537 0.00456005 0 1.6219
>20645 1 e- -0.213072 0.0794699 0.596605 0.00436225 9.2059 1 PrScint 0 
msc -0.212997 0.0794579 0.596698 0.00436441 9.2059 0
eIoni -0.212947 0.0793884 0.596819 0.00436704 5.49376 0.759096 20678
eIoni -0.212975 0.0793747 0.596844 0.00436795 3.74541 0.590469 20679
eIoni -0.21302 0.0793828 0.596878 0.00436951 0 3.74541
>20679 20645 e- -0.212975 0.0793747 0.596844 0.00436795 1.15789 1 PrScint 0 
msc -0.212975 0.0793693 0.596846 0.00436822 1.05236 0.105524
eIoni -0.212975 0.0793591 0.596848 0.00436877 0 1.05236
>20678 20645 e- -0.212947 0.0793884 0.596819 0.00436704 2.95304 1 PrScint 0 
msc -0.212966 0.0793865 0.596808 0.00436773 2.95304 0
eIoni -0.213002 0.0793837 0.596789 0.00436899 0 2.95304
>20644 1 e- -0.216244 0.0655288 0.594715 0.00430605 2.97473 1 PrScint 0 
msc -0.216226 0.0655275 0.594701 0.00430676 2.73818 0.236554
eIoni -0.216201 0.0655289 0.594675 0.00430792 0 2.73818
>20643 1 e- -0.226193 0.0320295 0.580554 0.00413421 14.2643 1 PrScint 0 
msc -0.226133 0.0319705 0.580345 0.00413746 13.5008 0.763471
eIoni -0.226005 0.0316892 0.580146 0.0041429 6.10639 2.6482 20680
eIoni -0.226074 0.0317196 0.580058 0.00414543 0 6.10639
>20680 20643 e- -0.226005 0.0316892 0.580146 0.0041429 4.74618 1 PrScint 0 
msc -0.225987 0.0317136 0.580117 0.00414393 3.8424 0.903776
eIoni -0.225999 0.0317617 0.580098 0.00414538 2.54424 0.209956 20681
eIoni -0.226027 0.0317752 0.580091 0.00414647 0 2.54424
>20681 20680 e- -0.225999 0.0317617 0.580098 0.00414538 1.08821 1 PrScint 0 
msc -0.225999 0.0317578 0.5801 0.0041456 1.06905 0.019157
eIoni -0.226005 0.0317491 0.580098 0.00414616 0 1.06905
>20642 1 e- -0.230329 0.0334043 0.579905 0.00411718 55.8159 1 PrScint 0 
msc -0.230328 0.0333675 0.579868 0.00411759 55.8159 0
eIoni -0.230347 0.0332617 0.579769 0.00411871 49.722 1.21401 20682
eIoni -0.230912 0.0315058 0.578339 0.00413762 45.6757 4.04629
eIoni -0.231799 0.028796 0.577948 0.00416182 35.0202 10.6555
eIoni -0.231793 0.0287929 0.577942 0.00416191 33.6934 1.32681
eIoni -0.230854 0.0280873 0.577166 0.00417546 28.1498 1.08158 20683
eIoni -0.23015 0.0271861 0.576689 0.00418842 22.8097 3.42238 20684
eIoni -0.229576 0.0270129 0.576684 0.00419534 19.698 3.11173
eIoni -0.229256 0.026524 0.57637 0.00420354 11.6123 2.18385 20685
eIoni -0.22912 0.0262827 0.576223 0.00420853 7.22837 1.08451 20686
eIoni -0.229027 0.0261831 0.576287 0.00421154 2.28798 3.45423 20687
eIoni -0.229053 0.0261734 0.576281 0.00421253 0 2.28798
>20687 20642 e- -0.229027 0.0261831 0.576287 0.00421154 1.48616 1 PrScint 0 
msc -0.229031 0.0261864 0.576292 0.00421184 1.45907 0.0270873
eIoni -0.229031 0.0261963 0.576304 0.00421254 0 1.45907
>20686 20642 e- -0.22912 0.0262827 0.576223 0.00420853 3.29939 1 PrScint 0 
msc -0.229139 0.0262751 0.57624 0.00420933 3.29939 0
eIoni -0.229174 0.0262618 0.57627 0.00421072 0 3.29939
>20685 20642 e- -0.229256 0.026524 0.57637 0.00420354 5.90184 1 PrScint 0 
msc -0.229195 0.0265276 0.576371 0.0042049 5.84531 0.0565342
eIoni -0.229086 0.0265236 0.576378 0.00420732 1.51416 2.89734 20688
eIoni -0.229078 0.0265248 0.576364 0.00420803 0 1.51416
>20688 20685 e- -0.229086 0.0265236 0.576378 0.00420732 1.43381 1 PrScint 0 
msc -0.229083 0.0265269 0.576383 0.00420764 1.41695 0.0168633
eIoni -0.229078 0.0265338 0.576396 0.00420832 0 1.41695
>20684 20642 e- -0.23015 0.0271861 0.576689 0.00418842 1.91769 1 PrScint 0 
msc -0.230148 0.0271909 0.576679 0.00418886 1.82662 0.091074
eIoni -0.230143 0.0271923 0.576659 0.00418969 0 1.82662
>20683 20642 e- -0.230854 0.0280873 0.577166 0.00417546 4.4621 1 PrScint 0 
msc -0.230854 0.0280647 0.577201 0.00417651 4.30055 0.161549
eIoni -0.230824 0.0280368 0.577256 0.0041783 0 4.30055
>20682 20642 e- -0.230347 0.0332617 0.579769 0.00411871 4.87991 1 PrScint 0 
msc -0.230344 0.0332997 0.579745 0.0041198 4.84668 0.0332264
eIoni -0.230352 0.0333464 0.579678 0.00412181 0 4.84668
>20641 1 e- -0.234694 0.0366756 0.580273 0.00409632 2.3041 1 PrScint 0 
msc -0.234685 0.036677 0.580264 0.00409677 2.3041 0
eIoni -0.234663 0.0366891 0.58025 0.00409777 0 2.3041
>20640 1 e- -0.246412 0.0441995 0.582205 0.00404311 2.35552 1 PrScint 0 
msc -0.246407 0.0442026 0.58222 0.00404366 2.35552 0
eIoni -0.246397 0.0442084 0.582247 0.00404468 0 2.35552
>20639 1 e- -0.26415 0.0530943 0.587501 0.00396355 4.02734 1 PrScint 0 
msc -0.264128 0.0530766 0.587523 0.00396451 3.82117 0.206174
eIoni -0.264092 0.0530481 0.587559 0.0039661 0.747986 3.07318
eIoni -0.264095 0.0530502 0.587565 0.00396655 0 0.747986
>20638 1 e- -0.333412 0.0798105 0.581464 0.0036832 16.8426 1 PrScint 0 
msc -0.333357 0.0799592 0.581735 0.00368739 15.4266 1.41594
eIoni -0.333295 0.0801683 0.582153 0.00369392 11.4873 1.90692 20689
eIoni -0.333466 0.0799516 0.582283 0.0036988 8.65406 2.83324
eIoni -0.333466 0.0799087 0.582273 0.00369961 7.16687 1.4872
eIoni -0.33347 0.0797886 0.582322 0.00370222 3.24838 2.83636 20690
eIoni -0.33343 0.0798056 0.582337 0.00370358 0 3.24838
>20690 20638 e- -0.33347 0.0797886 0.582322 0.00370222 1.08213 1 PrScint 0 
msc -0.33347 0.0797918 0.582318 0.00370248 1.08213 0
eIoni -0.333469 0.0797987 0.582309 0.00370304 0 1.08213
>20689 20638 e- -0.333295 0.0801683 0.582153 0.00369392 2.0324 1 PrScint 0 
msc -0.333296 0.0801679 0.582145 0.00369421 2.01515 0.0172479
eIoni -0.333273 0.0801693 0.582142 0.00369511 0 2.01515
>20637 1 e- -0.42452 0.112307 0.514959 0.00323211 12.8189 1 PrScint 0 
msc -0.424611 0.112219 0.514899 0.00323424 12.7572 0.0617332
eIoni -0.424747 0.11234 0.514766 0.00323765 12.446 0.311179
eIoni -0.424786 0.112183 0.51446 0.00324297 4.62068 7.8253
eIoni -0.424788 0.112254 0.514447 0.00324479 2.83266 0.561739 20691
eIoni -0.424803 0.112229 0.51447 0.00324597 1.14094 1.69172
eIoni -0.424793 0.112225 0.514465 0.00324655 0 1.14094
>20691 20637 e- -0.424788 0.112254 0.514447 0.00324479 1.22629 1 PrScint 0 
msc -0.424783 0.112254 0.51445 0.00324509 1.22629 0
eIoni -0.424772 0.112254 0.514457 0.0032457 0 1.22629
>20636 1 e- -0.447598 0.134975 0.484267 0.00306635 1.3525 1 PrScint 0 
msc -0.447602 0.134979 0.484269 0.00306665 1.22512 0.127377
eIoni -0.447613 0.134985 0.484272 0.00306726 0 1.22512
>20635 1 e- -0.453135 0.137987 0.441137 0.00290495 3.3681 1 PrScint 0 
msc -0.453112 0.138003 0.441136 0.00290577 3.30446 0.0636404
eIoni -0.453074 0.13803 0.441133 0.00290716 0 3.30446
>20634 1 e- -0.44683 0.151516 0.399917 0.00274297 2.43475 1 PrScint 0 
msc -0.44684 0.151513 0.399929 0.00274349 1.27019 1.16456
eIoni -0.446847 0.151509 0.399939 0.00274411 0 1.27019
>20633 1 e- -0.414849 0.171662 0.367234 0.00255825 19.357 1 PrScint 0 
eIoni -0.414601 0.171524 0.367411 0.00256241 17.6449 0.623218 20692
eIoni -0.414104 0.171448 0.367655 0.00256969 14.9688 2.67613
eIoni -0.413864 0.171084 0.367834 0.00257633 0 14.9688
>20692 20633 e- -0.414601 0.171524 0.367411 0.00256241 1.08892 1 PrScint 0 
msc -0.414604 0.171524 0.367416 0.00256267 1.08892 0
eIoni -0.41461 0.171525 0.367425 0.00256324 0 1.08892
>20632 1 e- -0.41454 0.171854 0.366847 0.0025563 2.54209 1 PrScint 0 
msc -0.414532 0.171846 0.366859 0.00255686 2.52158 0.0205039
eIoni -0.414508 0.171831 0.366875 0.00255794 0 2.52158
>20631 1 e- -0.407403 0.208431 0.26576 0.00210152 6.02422 1 PrScint 0 
msc -0.407464 0.208425 0.265775 0.00210291 5.98057 0.0436496
eIoni -0.407569 0.208406 0.265815 0.00210539 0 5.98057
>20630 1 e- -0.407027 0.207742 0.261947 0.00208739 4.93225 1 PrScint 0 
msc -0.407001 0.207707 0.261962 0.00208852 4.83354 0.0987086
eIoni -0.406957 0.20765 0.262 0.00209049 2.48187 2.35167
eIoni -0.406988 0.207649 0.262005 0.00209156 0 2.48187
>20629 1 e- -0.407027 0.207742 0.261947 0.00208739 28.7746 1 PrScint 0 
msc -0.407239 0.207181 0.261538 0.0020949 26.8071 1.9675
eIoni -0.407595 0.2065 0.261374 0.0021033 23.7525 3.05463
eIoni -0.407833 0.20655 0.261246 0.00210642 18.9695 0.0819064 20693
eIoni -0.408499 0.206565 0.261424 0.0021151 10.9174 6.73047 20694
eIoni -0.408551 0.206622 0.261424 0.00211637 10.8776 0.0397216
eIoni -0.408741 0.206832 0.261424 0.00212102 5.72096 4.01536 20695
eIoni -0.408801 0.206908 0.261392 0.0021233 3.74967 1.97129
eIoni -0.408835 0.206901 0.261349 0.00212485 2.06379 0.481385 20696
eIoni -0.408823 0.206881 0.261356 0.00212576 0 2.06379
>20696 20629 e- -0.408835 0.206901 0.261349 0.00212485 1.20449 1 PrScint 0 
msc -0.408834 0.206896 0.261352 0.00212511 1.20449 0
eIoni -0.408831 0.206886 0.261357 0.00212572 0 1.20449
>20695 20629 e- -0.408741 0.206832 0.261424 0.00212102 1.14131 1 PrScint 0 
msc -0.408741 0.20683 0.261419 0.00212129 1.10943 0.0318781
eIoni -0.40874 0.206824 0.26141 0.00212186 0 1.10943
>20694 20629 e- -0.408499 0.206565 0.261424 0.0021151 1.32163 1 PrScint 0 
msc -0.408497 0.206566 0.26143 0.00211541 1.32163 0
eIoni -0.408494 0.20657 0.261443 0.00211605 0 1.32163
>20693 20629 e- -0.407833 0.20655 0.261246 0.00210642 4.7011 1 PrScint 0 
msc -0.407848 0.206585 0.261236 0.00210739 4.50037 0.200738
eIoni -0.407904 0.206607 0.26124 0.00210891 1.99772 0.440157 20697
eIoni -0.407907 0.206585 0.261232 0.0021098 0 1.99772
>20697 20693 e- -0.407904 0.206607 0.26124 0.00210891 2.06249 1 PrScint 0 
msc -0.407904 0.206613 0.261229 0.00210936 2.06249 0
eIoni -0.407892 0.206632 0.26122 0.00211027 0 2.06249
>20628 1 e- -0.402608 0.192497 0.201336 0.00185967 7.05021 1 PrScint 0 
msc -0.402685 0.192508 0.20134 0.00186127 7.0124 0.0378054
eIoni -0.402805 0.192479 0.201413 0.00186419 0 7.0124
>20627 1 e- -0.400801 0.191197 0.193575 0.00183044 2.17096 1 PrScint 0 
msc -0.400802 0.191208 0.193575 0.00183084 2.08483 0.0861347
eIoni -0.400823 0.191203 0.193562 0.00183177 0 2.08483
>20626 1 e- -0.389797 0.188629 0.18368 0.00177611 14.6985 1 PrScint 0 
msc -0.389843 0.188836 0.183607 0.0017793 13.9094 0.789155
eIoni -0.389582 0.189139 0.183482 0.00178542 0 13.9094
>20625 1 e- -0.296965 0.142335 0.0935339 0.00127586 39.7706 1 PrScint 0 
msc -0.297687 0.141726 0.0931667 0.00128492 38.2778 1.49284
eIoni -0.297517 0.14225 0.0914722 0.00130113 32.3762 2.77027 20698
eIoni -0.297156 0.142872 0.0913923 0.00130823 29.9521 2.42412
eIoni -0.297002 0.144194 0.0914053 0.00132176 24.9319 3.83088 20699
eIoni -0.296411 0.143695 0.0920281 0.00133275 19.9464 2.90576 20700
eIoni -0.296426 0.143228 0.0919199 0.00133864 17.8526 0.662673 20701
eIoni -0.296445 0.142664 0.0916687 0.00134663 9.77298 5.76681 20702
eIoni -0.296462 0.142782 0.0914602 0.00135079 3.82466 5.94832
eIoni -0.296426 0.142808 0.0914976 0.00135238 0 3.82466
>20702 20625 e- -0.296445 0.142664 0.0916687 0.00134663 2.31276 1 PrScint 0 
msc -0.296434 0.142663 0.0916605 0.00134713 2.31276 0
eIoni -0.29641 0.142672 0.0916476 0.00134813 0 2.31276
>20701 20625 e- -0.296426 0.143228 0.0919199 0.00133864 1.43121 1 PrScint 0 
msc -0.296428 0.143229 0.0919246 0.00133888 1.35921 0.072002
eIoni -0.296438 0.143237 0.0919313 0.00133954 0 1.35921
>20700 20625 e- -0.296411 0.143695 0.0920281 0.00133275 2.07973 1 PrScint 0 
msc -0.29642 0.143697 0.0920194 0.00133323 2.05539 0.0243386
eIoni -0.296438 0.143701 0.0920031 0.00133414 0 2.05539
>20699 20625 e- -0.297002 0.144194 0.0914053 0.00132176 1.1893 1 PrScint 0 
msc -0.297002 0.144197 0.0914102 0.00132203 1.1893 0
eIoni -0.297002 0.144206 0.0914177 0.00132263 0 1.1893
>20698 20625 e- -0.297517 0.14225 0.0914722 0.00130113 3.13127 1 PrScint 0 
msc -0.2975 0.142234 0.091467 0.00130184 3.13127 0
eIoni -0.297467 0.142209 0.0914536 0.00130316 0 3.13127
>20624 1 e- -0.200937 0.0777757 0.0232561 0.000791051 2.68096 1 PrScint 0 
msc -0.20095 0.0777651 0.0232465 0.000791683 2.51683 0.164135
eIoni -0.200971 0.0777474 0.0232304 0.000792767 0 2.51683
>20623 1 e- -0.154307 0.0763365 0.0193965 0.000624609 2.03094 1 PrScint 0 
msc -0.15431 0.0763302 0.0193863 0.000625079 2.03094 0
eIoni -0.154317 0.0763181 0.0193668 0.00062598 0 2.03094
>20622 1 gamma -0.0636702 0.0308443 -0.00186747 0.000249353 222.505 1 PrScint 0 
phot -18.8054 9.93062 -2.08831 0.0712923 0 3.22155 20703 20704 20705 20706
>20706 20622 e- -18.8054 9.93062 -2.08831 0.0712923 3.40627 1 PrScint 0 
msc -18.8054 9.9306 -2.08832 0.0712931 2.96548 0.440792
eIoni -18.8054 9.93056 -2.08834 0.0712943 0 2.96548
>20705 20622 e- -18.8054 9.93062 -2.08831 0.0712923 2.92158 1 PrScint 0 
msc -18.8054 9.93062 -2.08831 0.0712929 2.92158 0
eIoni -18.8053 9.9306 -2.08831 0.0712942 0 2.92158
>20704 20622 e- -18.8054 9.93062 -2.08831 0.0712923 25.0066 1 PrScint 0 
msc -18.8049 9.931 -2.08835 0.0712988 24.2706 0.736009
eIoni -18.8047 9.93115 -2.08837 0.0713016 22.8814 0 20707
eIoni -18.8044 9.93173 -2.08841 0.0713094 20.5041 2.37736
eIoni -18.8042 9.93213 -2.08906 0.0713188 11.0865 6.40901 20708
eIoni -18.8039 9.93206 -2.08909 0.0713236 4.66239 6.42412
eIoni -18.804 9.93207 -2.08913 0.0713255 0 4.66239
>20708 20704 e- -18.8042 9.93213 -2.08906 0.0713188 3.00856 1 PrScint 0 
msc -18.8042 9.93215 -2.08907 0.0713195 2.96821 0.0403554
eIoni -18.8042 9.93218 -2.08909 0.0713208 0 2.96821
>20707 20704 e- -18.8047 9.93115 -2.08837 0.0713016 1.38915 1 PrScint 0 
msc -18.8047 9.93115 -2.08838 0.0713019 1.31049 0.0786597
eIoni -18.8047 9.93115 -2.08839 0.0713026 0 1.31049
>20703 20622 e- -18.8054 9.93062 -2.08831 0.0712923 187.949 1 PrScint 0 
msc -18.8075 9.94371 -2.08077 0.0713668 186.222 1.72691
eIoni -18.8077 9.94784 -2.07806 0.0713911 180.364 2.04009 20709
eIoni -18.8068 9.95802 -2.07222 0.0714493 176.74 3.62411
eIoni -18.8097 9.9643 -2.0585 0.071526 168.296 8.44447
eIoni -18.8077 9.95363 -2.05723 0.0715813 160.065 6.66157 20710
eIoni -18.8161 9.94786 -2.06314 0.0716421 148.155 9.73938 20711
eIoni -18.8239 9.95115 -2.06936 0.0716974 140.897 5.44593 20712
eIoni -18.8237 9.95071 -2.06919 0.0717 137.198 0 20713
eIoni -18.8202 9.94399 -2.06724 0.0717425 134.225 2.97231
eIoni -18.8202 9.93875 -2.06399 0.0717761 131.396 2.82891
eIoni -18.8222 9.92789 -2.05986 0.0718411 117.841 13.5552
eBrem -18.8224 9.92227 -2.05848 0.0718742 112.492 1.75889 20714
eIoni -18.8237 9.91509 -2.05738 0.0719172 106.964 5.52853
eIoni -18.8241 9.91415 -2.05569 0.071929 104.044 2.91936
eIoni -18.8273 9.90957 -2.04863 0.0719828 98.8222 4.02665 20715
eIoni -18.83 9.90855 -2.04543 0.0720091 95.6623 3.15986
eIoni -18.8333 9.90601 -2.04555 0.072035 91.6723 2.72344 20716
eIoni -18.833 9.90554 -2.04755 0.072048 89.2589 2.41339
eIoni -18.8307 9.91206 -2.04785 0.0720922 82.3726 5.6761 20717
eIoni -18.8321 9.91207 -2.04882 0.0721035 74.4191 5.64949 20718
eIoni -18.8355 9.91334 -2.04451 0.0721421 64.9107 6.00353 20719
eIoni -18.8356 9.91258 -2.04576 0.0721527 62.3158 1.34228 20720
eIoni -18.8377 9.91087 -2.04696 0.0721748 57.4858 4.82998
eIoni -18.8399 9.90739 -2.04601 0.072207 44.2979 13.1879
eIoni -18.8395 9.90902 -2.0455 0.072222 38.7376 3.80623 20721
eIoni -18.8391 9.90909 -2.04559 0.0722257 37.9681 0.769449
eIoni -18.8379 9.90949 -2.0463 0.072239 36.0927 1.87541
eIoni -18.8366 9.90873 -2.04695 0.0722544 28.9205 7.17223
eIoni -18.8358 9.90951 -2.04757 0.0722672 25.0758 3.84474
eIoni -18.8353 9.90923 -2.04824 0.072277 21.713 2.04033 20722
eIoni -18.8354 9.90952 -2.04814 0.0722807 20.5742 1.13873
eIoni -18.8355 9.91018 -2.04841 0.0722895 15.9927 2.93855 20723
eIoni -18.8351 9.91043 -2.04849 0.072296 10.8152 2.68456 20724
eIoni -18.8349 9.91034 -2.0487 0.0723007 0 10.8152
>20724 20703 e- -18.8351 9.91043 -2.04849 0.072296 2.49296 1 PrScint 0 
msc -18.8351 9.91042 -2.04848 0.0722966 2.03942 0.45354
eIoni -18.8351 9.91043 -2.04846 0.0722975 0 2.03942
>20723 20703 e- -18.8355 9.91018 -2.04841 0.0722895 1.64299 1 PrScint 0 
msc -18.8355 9.91018 -2.04842 0.0722899 1.32016 0.322833
eIoni -18.8355 9.91018 -2.04843 0.0722906 0 1.32016
>20722 20703 e- -18.8353 9.90923 -2.04824 0.072277 1.32246 1 PrScint 0 
msc -18.8353 9.90923 -2.04823 0.0722773 1.32246 0
eIoni -18.8353 9.90924 -2.04824 0.072278 0 1.32246
>20721 20703 e- -18.8395 9.90902 -2.0455 0.072222 1.75409 1 PrScint 0 
msc -18.8395 9.90902 -2.04551 0.0722223 1.7213 0.0327883
eIoni -18.8395 9.909 -2.04551 0.0722231 0 1.7213
>20720 20703 e- -18.8356 9.91258 -2.04576 0.0721527 1.25266 1 PrScint 0 
msc -18.8356 9.91258 -2.04576 0.0721529 1.21725 0.0354114
eIoni -18.8356 9.91258 -2.04576 0.0721535 0 1.21725
>20719 20703 e- -18.8355 9.91334 -2.04451 0.0721421 3.50478 1 PrScint 0 
msc -18.8355 9.91337 -2.04452 0.0721429 3.50478 0
eIoni -18.8355 9.91341 -2.04455 0.0721444 0 3.50478
>20718 20703 e- -18.8321 9.91207 -2.04882 0.0721035 2.3041 1 PrScint 0 
msc -18.8321 9.91206 -2.04882 0.072104 1.855 0.449098
eIoni -18.8321 9.91204 -2.04881 0.0721048 0 1.855
>20717 20703 e- -18.8307 9.91206 -2.04785 0.0720922 1.21013 1 PrScint 0 
msc -18.8307 9.91206 -2.04784 0.0720925 1.05359 0.15654
eIoni -18.8307 9.91205 -2.04784 0.072093 0 1.05359
>20716 20703 e- -18.8333 9.90601 -2.04555 0.072035 1.26664 1 PrScint 0 
msc -18.8333 9.90601 -2.04555 0.0720353 1.26664 0
eIoni -18.8333 9.90602 -2.04554 0.0720359 0 1.26664
>20715 20703 e- -18.8273 9.90957 -2.04863 0.0719828 1.19543 1 PrScint 0 
msc -18.8273 9.90957 -2.04864 0.071983 1.19543 0
eIoni -18.8273 9.90956 -2.04864 0.0719836 0 1.19543
>20714 20703 gamma -18.8224 9.92227 -2.05848 0.0718742 3.59007 1 PrScint 0 
phot -18.8232 9.92171 -2.05928 0.0718784 0 0.67752 20725
>20725 20714 e- -18.8232 9.92171 -2.05928 0.0718784 2.91255 1 PrScint 0 
msc -18.8232 9.92171 -2.05928 0.0718786 2.80581 0.106745
eIoni -18.8232 9.92172 -2.05928 0.0718793 1.26565 1.54016
eIoni -18.8232 9.92173 -2.05929 0.0718799 0 1.26565
>20713 20703 e- -18.8237 9.95071 -2.06919 0.0717 3.69965 1 PrScint 0 
msc -18.8238 9.9507 -2.06918 0.0717009 2.57792 1.12173
eIoni -18.8238 9.95069 -2.06916 0.071702 0 2.57792
>20712 20703 e- -18.8239 9.95115 -2.06936 0.0716974 1.81148 1 PrScint 0 
msc -18.8239 9.95116 -2.06935 0.0716978 1.81148 0
eIoni -18.8239 9.95116 -2.06933 0.0716986 0 1.81148
>20711 20703 e- -18.8161 9.94786 -2.06314 0.0716421 2.17096 1 PrScint 0 
msc -18.8161 9.94787 -2.06315 0.0716426 2.12954 0.0414199
eIoni -18.8161 9.94789 -2.06316 0.0716435 0 2.12954
>20710 20703 e- -18.8077 9.95363 -2.05723 0.0715813 1.56897 1 PrScint 0 
msc -18.8077 9.95363 -2.05723 0.0715816 1.52836 0.0406097
eIoni -18.8077 9.95362 -2.05723 0.0715823 0 1.52836
>20709 20703 e- -18.8077 9.94784 -2.07806 0.0713911 3.81757 1 PrScint 0 
msc -18.8077 9.94785 -2.07809 0.071392 3.77943 0.0381415
eIoni -18.8076 9.94788 -2.07814 0.0713935 0 3.77943
>20621 1 e- -0.0550372 0.0257589 -0.00212502 0.000214346 2.52943 1 PrScint 0 
msc -0.0550388 0.0257491 -0.00213565 0.000214835 1.94577 0.583665
eIoni -0.055021 0.0257362 -0.00213001 0.000215704 0 1.94577
