>1 0 e- 0 0 0 0 2457.83 1 PrScint 0 
eIoni -0.00369545 0.00428401 0.0333245 0.000114458 2450.8 7.02721
eIoni -0.0070342 0.00729046 0.0564459 0.000194222 2444.7 3.54334 20325
eIoni -0.00740989 0.00813957 0.0596381 0.000205481 2441.77 2.92984
eIoni -0.00910775 0.0134343 0.0783754 0.000271675 2432.5 3.22432 20326
eIoni -0.0099363 0.0189432 0.111255 0.000384629 2424.64 7.85823
eIoni -0.00827621 0.0202873 0.142173 0.00048961 2410.65 11.9586 20327
eIoni -0.00639055 0.0233404 0.170626 0.000586768 2404.65 6.00646
eIoni -0.00818698 0.0251899 0.184819 0.000635641 2398.49 6.15288
eIoni -0.00925404 0.0267782 0.195427 0.000672164 2394.2 4.29992
eIoni -0.014681 0.0305105 0.221178 0.000762231 2390.46 3.7378
eIoni -0.0240941 0.0434546 0.291449 0.00100645 2377.69 10.3223 20328
eIoni -0.0252459 0.0462592 0.301308 0.00104141 2373.41 4.28733
eBrem -0.0404999 0.078017 0.400849 0.00139929 2177.38 16.8288 20329 20330
eIoni -0.0495374 0.0818213 0.430991 0.00150698 2171.76 0 20331 20332
eIoni -0.0715689 0.0867895 0.47139 0.00166425 2164.12 4.43656 20333
eIoni -0.0790725 0.0861822 0.483092 0.00171153 2161.34 2.77638
eIoni -0.104258 0.0886113 0.518312 0.00185891 2147.71 13.6279
eIoni -0.110409 0.0897373 0.524329 0.00188841 2138.06 7.62752 20334
eIoni -0.127799 0.094154 0.545943 0.0019839 2131.42 6.63596
eIoni -0.14158 0.0955221 0.567025 0.00206965 2121.68 7.70669 20335
eIoni -0.144359 0.0952433 0.571092 0.00208643 2119.15 2.53222
eIoni -0.145203 0.0951682 0.572323 0.00209151 2117.74 1.41035
eIoni -0.157076 0.0942118 0.589804 0.00216345 2112.32 2.85555 20336
eIoni -0.18856 0.0920527 0.639582 0.00236388 2106.76 5.56301
eIoni -0.189825 0.0921199 0.64134 0.00237126 2103.92 0.919312 20337
eIoni -0.222354 0.0937513 0.689922 0.00257019 2090.36 13.5653
eIoni -0.225449 0.0939766 0.692546 0.00258402 2087.98 0.831436 20338
eIoni -0.255936 0.0968127 0.716063 0.00271536 2082.61 1.32069 20339
eIoni -0.256843 0.124178 0.722771 0.00281128 2077.08 3.33542 20340
eIoni -0.256544 0.12959 0.724206 0.00283036 2073.99 3.08862
eIoni -0.254998 0.153496 0.730458 0.0029146 2068.42 5.57462
eIoni -0.254923 0.15444 0.730761 0.00291799 2064.72 0.0152639 20341
eIoni -0.253642 0.170891 0.735814 0.00297672 2060.45 4.27028
eIoni -0.25399 0.180559 0.738267 0.00301068 2055.58 2.58864 20342
eIoni -0.254209 0.249787 0.760395 0.00325807 2045.57 6.06317 20343
eIoni -0.255322 0.265086 0.765574 0.00331319 2038.92 3.24286 20344
eIoni -0.258333 0.285206 0.77154 0.00338537 2033.21 5.71008
eIoni -0.261662 0.303225 0.776512 0.00345002 2027.12 6.08666
eIoni -0.280322 0.387595 0.796379 0.00375195 2011.35 11.0632 20345 20346
eIoni -0.269586 0.450723 0.884046 0.00412175 1994.49 16.8603
eIoni -0.267838 0.45458 0.888652 0.00414307 1990.2 0 20347 20348
eIoni -0.258972 0.471628 0.908639 0.00423755 1980.83 7.49428 20349
eIoni -0.201234 0.518184 0.983758 0.00459732 1956.09 21.3217 20350
eIoni -0.186636 0.517248 0.998815 0.0046689 1945.21 10.8711
eIoni -0.180828 0.516087 1.00507 0.00469828 1943 2.21642
eIoni -0.175156 0.515058 1.01078 0.00472595 1939.24 3.7571
eIoni -0.171391 0.514257 1.01491 0.0047452 1935.9 2.20846 20351
eIoni -0.170114 0.513995 1.01639 0.00475192 1934.22 1.67916
eIoni -0.164275 0.513099 1.023 0.00478218 1931.22 0.934008 20352
eIoni -0.149401 0.510368 1.04476 0.00487256 1921.49 8.63797 20353
eIoni -0.143554 0.508222 1.05835 0.00492357 1916.49 3.30591 20354
eIoni -0.145035 0.509667 1.06664 0.00495272 1914.3 2.19003
eIoni -0.155953 0.518222 1.12409 0.0051544 1900.67 8.32885 20355 20356
eIoni -0.168322 0.533972 1.16921 0.00532288 1892.88 7.79726
eIoni -0.170642 0.539807 1.17629 0.00535518 1889.72 3.15646
eIoni -0.172112 0.544269 1.18185 0.00538002 1881.54 6.14665 20357
eIoni -0.174308 0.551081 1.19011 0.00541734 1874.4 6.13177 20358
eIoni -0.175906 0.556078 1.19711 0.00544723 1871.68 2.719
eIoni -0.184111 0.572693 1.22413 0.00555912 1865.76 5.91633
eIoni -0.197464 0.598243 1.26945 0.00574257 1852.45 10.6091 20359
eIoni -0.212931 0.613589 1.30974 0.00589906 1818.77 1.41035 20360 20361 20362
eIoni -0.212454 0.618579 1.32208 0.00594461 1813.95 1.74842 20363
eIoni -0.21154 0.621162 1.32853 0.00596857 1808.16 1.43169 20364
eIoni -0.210888 0.622129 1.33116 0.00597839 1806.78 1.38611
eIoni -0.209111 0.625238 1.33628 0.00599977 1803.58 3.1922
eIoni -0.195898 0.646386 1.37119 0.00614649 1793.95 8.39332 20365
eIoni -0.191774 0.654477 1.38841 0.00621308 1786.03 7.92045
eIoni -0.189506 0.657071 1.3943 0.00623644 1774.58 8.46266 20366
eIoni -0.184742 0.660509 1.40633 0.00628226 1771.55 3.02619
eIoni -0.174203 0.664614 1.42676 0.00636218 1766.33 5.22255
eIoni -0.16914 0.666074 1.43484 0.00639519 1764.64 1.69136
eIoni -0.16508 0.667432 1.44102 0.00642092 1762.82 1.82285
eIoni -0.147153 0.670301 1.46985 0.00653756 1756.92 5.89715
eIoni -0.126231 0.677205 1.50428 0.00667752 1743.54 13.378
eIoni -0.122069 0.680002 1.51287 0.00671157 1739.77 3.77147
eIoni -0.107583 0.68991 1.54118 0.00682566 1721.83 11.2191 20367
eBrem -0.0918014 0.70137 1.55647 0.00691057 1712.57 3.49604 20368
eIoni -0.091295 0.701597 1.5569 0.00691298 1711.39 0.0556579 20369
eIoni -0.0756965 0.708268 1.56992 0.00698627 1706.41 3.30923 20370
eIoni -0.0696514 0.710161 1.5752 0.00701455 1702.86 3.54931
eIoni -0.0632546 0.713201 1.58089 0.00704569 1668.69 1.58445 20371
eIoni -0.058639 0.715521 1.58355 0.00706563 1664.56 1.73766 20372
eIoni -0.0468511 0.721646 1.59025 0.00711668 1653.59 1.42483 20373
eIoni -0.0414819 0.724025 1.59533 0.00714334 1652.16 1.43256
eIoni -0.0370897 0.725911 1.59901 0.00716405 1635.6 1.35978 20374
eIoni 0.00147253 0.740826 1.63735 0.00735771 1623.14 12.4599
eIoni 0.0213784 0.746054 1.65742 0.00745647 1618.23 4.91553
eIoni 0.0272697 0.753402 1.66056 0.00749059 1596.31 2.36976 20375
eIoni 0.0308887 0.758103 1.66271 0.00751228 1592.21 4.0949
eIoni 0.0571789 0.793512 1.67602 0.00767069 1582.94 8.02175 20376
eIoni 0.0631344 0.805089 1.67928 0.00771685 1574.44 1.81548 20377
eIoni 0.0849366 0.840217 1.6873 0.00786175 1557.15 10.7998 20378
eIoni 0.0987007 0.868782 1.68985 0.00797125 1549.79 7.36439
eIoni 0.113919 0.910239 1.74427 0.00821255 1537.82 11.966
eIoni 0.128644 0.937484 1.79872 0.00842833 1520.11 14.3071 20379
eIoni 0.132186 0.939538 1.80821 0.00846395 1517.8 0.972053 20380
eIoni 0.164033 0.954051 1.87781 0.00873246 1505.52 12.2825
eIoni 0.172131 0.950429 1.91432 0.00886204 1498.2 7.31826
eIoni 0.173064 0.950205 1.91759 0.00887379 1496.82 1.38106
eIoni 0.183926 0.951894 1.96401 0.00903831 1490.79 4.58509 20381
eIoni 0.200675 0.96556 1.99025 0.00915561 1485.9 0 20382 20383
eIoni 0.204181 0.968906 1.99399 0.00917674 1482.63 1.34696 20384
eIoni 0.209003 0.9746 1.99837 0.0092066 1480.85 1.77302
eIoni 0.230128 0.99771 2.01248 0.00932512 1474.48 6.37578
eIoni 0.233158 1.00234 2.01403 0.00934494 1471.83 0.521102 20385
eIoni 0.243247 1.01959 2.01911 0.00941615 1468.83 1.47751 20386
eIoni 0.246391 1.02431 2.02223 0.00943849 1464.85 2.17502 20387
eIoni 0.257113 1.04524 2.03982 0.00953988 1456.35 6.32241 20388
eIoni 0.259583 1.04969 2.04422 0.00956312 1453.36 2.99154
eIoni 0.267938 1.06041 2.05782 0.00962956 1449.79 3.56759
eIoni 0.269282 1.06256 2.06079 0.00964303 1448.34 1.45204
eIoni 0.277875 1.07571 2.07899 0.00972611 1443.51 4.82207
eIoni 0.283287 1.08878 2.09331 0.00979569 1439.75 3.76595
eIoni 0.286988 1.09731 2.10156 0.00983863 1437.1 1.42613 20389
eIoni 0.308888 1.13282 2.13798 0.0100301 1426.33 10.7657
eIoni 0.316035 1.14617 2.15702 0.0101142 1420.16 2.99779 20390
eIoni 0.331197 1.16925 2.18737 0.0102561 1410.48 4.57441 20391 20392
eIoni 0.337161 1.17589 2.20752 0.0103324 1401.48 6.96737 20393
eIoni 0.359785 1.21214 2.29387 0.0106659 1381.21 15.0772 20394 20395
eIoni 0.3639 1.21669 2.29954 0.0106948 1379.16 2.04151
eIoni 0.365182 1.21754 2.30084 0.0107018 1377.75 1.41035
eIoni 0.374104 1.22369 2.30948 0.0107498 1373.41 3.21008 20396
eIoni 0.380929 1.22796 2.31035 0.0107779 1369.62 3.79294
eIoni 0.400899 1.24109 2.31186 0.0108609 1362.37 7.25211
eIoni 0.40833 1.24659 2.31197 0.0108929 1354.32 2.7844 20397
eIoni 0.4112 1.24865 2.31242 0.0109053 1351.52 2.79587
eIoni 0.413048 1.24965 2.31279 0.0109127 1344.25 5.23849 20398
eIoni 0.420357 1.25342 2.31402 0.0109415 1342.21 2.0376
eIoni 0.495543 1.28974 2.32647 0.0112345 1283.51 18.1588 20399
eIoni 0.513979 1.29226 2.32501 0.0112995 1277.83 4.658 20400
eIoni 0.571071 1.2974 2.33181 0.0115004 1259.62 8.78458 20401
eIoni 0.606514 1.29811 2.33954 0.0116268 1250.75 8.86839
eIoni 0.612458 1.29348 2.34916 0.0116694 1246.11 3.21716 20402
eIoni 0.639254 1.26733 2.38742 0.011856 1231 15.1071
eIoni 0.642822 1.26473 2.39316 0.0118813 1228.02 1.72495 20403
eIoni 0.643159 1.26454 2.39352 0.0118831 1220.12 0.958864 20404
eIoni 0.644199 1.26384 2.3947 0.0118891 1218.68 1.4401
eIoni 0.649506 1.26081 2.40007 0.0119175 1209.84 4.5971 20405
eIoni 0.670046 1.25496 2.41927 0.0120179 1203.98 5.85476
eIoni 0.696342 1.24497 2.45382 0.0121735 1196.44 7.5426
eIoni 0.696803 1.24929 2.4746 0.0122477 1190.21 0 20406 20407
eIoni 0.697256 1.24935 2.4778 0.012259 1186.58 1.40962 20408
eIoni 0.698048 1.25038 2.4884 0.0122964 1184.85 0.567982 20409
eIoni 0.699788 1.24939 2.4973 0.0123283 1180.92 2.61779 20410
eIoni 0.710878 1.24984 2.52611 0.0124364 1171.55 7.34236 20411
eIoni 0.730175 1.25114 2.60526 0.0127216 1153.71 11.1097 20412 20413
eIoni 0.730787 1.25088 2.60577 0.0127245 1152.2 0.0172272 20414
eIoni 0.742962 1.24486 2.61636 0.0127849 1042.7 2.54854 20415
eIoni 0.751803 1.24359 2.62587 0.012831 1040.66 2.0402
eIoni 0.800085 1.23975 2.65896 0.0130382 1029.38 11.2771
eIoni 0.813331 1.236 2.67296 0.0131076 1026.16 1.21922 20416
eIoni 0.826542 1.23024 2.6894 0.013185 1021.47 4.68615
eIoni 0.840523 1.2241 2.70322 0.0132579 1016.98 4.49084
eIoni 0.846545 1.22337 2.71151 0.0132942 1012.87 4.10971
eIoni 0.859699 1.22058 2.73186 0.0133806 1007.75 4.04484 20417
eIoni 0.876321 1.21961 2.75459 0.0134804 1002.22 3.97748 20418
eIoni 0.883473 1.22063 2.76335 0.0135206 999.17 3.04992
eIoni 0.887945 1.22146 2.76705 0.0135414 994.296 1.40719 20419
eIoni 0.941451 1.23253 2.80384 0.013775 975.197 16.7949 20420
eIoni 0.965674 1.20361 2.81034 0.013911 969.115 0.357661 20421 20422
eIoni 1.00129 1.16505 2.82102 0.0141014 958.708 7.23625 20423
eIoni 1.0032 1.16 2.82256 0.0141213 956.584 2.12415
eIoni 1.00707 1.14995 2.8268 0.0141625 946.658 7.89539 20424
eIoni 1.01967 1.11733 2.84079 0.0142967 937.223 9.43462
eIoni 1.04203 1.05833 2.83208 0.0145237 929.999 5.14453 20425
eIoni 1.12147 1.07283 2.83264 0.0148119 909.184 20.8147
eIoni 1.12342 1.07326 2.83191 0.0148194 906.077 0.883076 20426
eIoni 1.17712 1.08245 2.80889 0.015031 892.422 11.2493 20427
eIoni 1.18031 1.08365 2.80686 0.0150452 888.866 0.267832 20428
eIoni 1.18437 1.08484 2.80429 0.0150629 887.469 1.3971
eIoni 1.20343 1.09201 2.7923 0.0151476 882.806 2.6211 20429
eIoni 1.24965 1.09221 2.77131 0.0153296 870.244 11.5571 20430
eIoni 1.25707 1.10093 2.77572 0.0153736 866.204 2.45389 20431
eIoni 1.27277 1.13689 2.79614 0.0155325 857.969 8.23474
eIoni 1.26912 1.18181 2.81251 0.0157049 849.639 7.12162 20432
eIoni 1.26033 1.19379 2.81247 0.0157584 846.081 3.55824
eIoni 1.23875 1.21756 2.8272 0.0158856 838.434 4.24103 20433
eIoni 1.22575 1.23042 2.83686 0.0159601 833.631 4.80264
eIoni 1.14666 1.27945 2.89738 0.0163604 815.791 16.3804 20434
eIoni 1.14225 1.28851 2.92058 0.0164519 809.117 6.67385
eIoni 1.14187 1.29394 2.92829 0.016486 807.359 1.7581
eIoni 1.14077 1.29536 2.9296 0.0164941 804.952 2.40657
eIoni 1.13901 1.29769 2.93167 0.016507 804.67 0.282205
eIoni 1.11472 1.33064 2.96347 0.0166946 795.981 6.98671 20435
eIoni 1.10213 1.33164 2.96671 0.0167419 793.893 2.08773
eIoni 1.08682 1.33122 2.97026 0.0167989 787.795 4.92821 20436
eIoni 1.07036 1.35327 2.98173 0.0169071 781.21 5.36352 20437
eIoni 1.07215 1.36017 2.98508 0.0169357 777.155 4.05557
eIoni 1.07782 1.39845 3.01014 0.0171032 762.39 10.6179 20438
eIoni 1.08216 1.40347 2.97409 0.0172367 754.715 7.67434
eIoni 1.08189 1.40403 2.97094 0.0172484 753.092 1.62362
eIoni 1.08054 1.41111 2.92695 0.017411 746.298 6.79399
eIoni 1.05342 1.41798 2.88079 0.017608 734.403 9.6536 20439
eIoni 1.05065 1.41842 2.87692 0.0176255 732.647 1.75646
eIoni 1.04486 1.41979 2.87026 0.0176582 730.377 2.26961
eIoni 1.03628 1.42363 2.85872 0.0177127 727.135 3.24197
eIoni 1.01441 1.44155 2.84674 0.0178251 721.729 5.40566
eIoni 0.966972 1.46889 2.84444 0.018026 709.755 11.9743
eBrem 0.95804 1.51467 2.84619 0.0181974 695.735 8.22355 20440
eIoni 0.956498 1.52108 2.84483 0.0182222 693.492 2.24287
eIoni 0.955227 1.5282 2.8433 0.0182495 688.561 2.08431 20441
eIoni 0.955056 1.53034 2.84253 0.0182579 686.94 1.62164
eIoni 0.954825 1.53254 2.84186 0.0182664 681.108 2.08733 20442
eIoni 0.944778 1.56976 2.82377 0.0184236 667.195 12.0243 20443
eIoni 0.926433 1.58449 2.78876 0.0185798 655.521 9.41996 20444
eIoni 0.928993 1.58396 2.78097 0.0186103 650.452 2.04904 20445
eIoni 0.929604 1.58376 2.77923 0.0186171 648.492 1.9602
eIoni 0.944189 1.5791 2.74724 0.0187489 641.942 6.55025
eIoni 0.943763 1.57868 2.7459 0.0187544 641.894 0.0475701
eIoni 0.941253 1.57605 2.73745 0.0187886 637.512 4.38196
eIoni 0.934658 1.56542 2.69894 0.0189395 622.242 7.68672 20446
eIoni 0.94491 1.53436 2.66489 0.0191159 604.112 9.4849 20447 20448 20449
eIoni 0.943006 1.51941 2.65785 0.0191783 599.765 4.34681
eIoni 0.957373 1.45054 2.62837 0.0194649 575.508 21.633 20450
eIoni 0.977292 1.418 2.63432 0.0196108 567.845 7.66302
eIoni 0.986326 1.39557 2.6431 0.0197083 561.581 6.26447
eIoni 0.988946 1.39146 2.64751 0.0197332 556.508 0.907975 20451
eIoni 0.992769 1.38106 2.65416 0.0197823 549.886 6.62171
eIoni 0.993055 1.3763 2.66146 0.0198155 547.266 2.62008
eIoni 0.986344 1.36961 2.68539 0.0199136 540.937 6.32892
eIoni 0.978817 1.36905 2.69246 0.019953 530.701 8.06497 20452
eIoni 0.967224 1.36509 2.6997 0.0200075 527.209 3.49241
eIoni 0.965632 1.3643 2.70081 0.0200155 525.539 1.67022
eIoni 0.960674 1.36213 2.70345 0.0200386 521.552 0.825654 20453
eIoni 0.959515 1.36171 2.70393 0.0200437 520.023 1.52867
eIoni 0.938109 1.35287 2.7127 0.0201388 512.804 7.21958
eIoni 0.928655 1.34163 2.71867 0.0201998 507.306 5.49794
eIoni 0.927502 1.34087 2.71915 0.0202055 505.875 1.43055
eIoni 0.905921 1.32381 2.72783 0.0203168 500.469 5.40627
eIoni 0.900679 1.32253 2.72876 0.0203379 497.719 2.75019
eIoni 0.877575 1.31871 2.73078 0.0204289 480.173 3.56997 20454
eIoni 0.847691 1.34766 2.73013 0.0205908 463.105 9.40133 20455
eIoni 0.834554 1.35985 2.73588 0.0206646 457.539 5.56657
eIoni 0.832981 1.36293 2.73589 0.0206782 455.789 1.75026
eIoni 0.826079 1.38659 2.73275 0.0207758 447.577 8.21206
eIoni 0.838722 1.39467 2.71725 0.0208608 442.386 5.19024
eIoni 0.83942 1.39252 2.69392 0.0209535 433.719 8.66779
eIoni 0.846146 1.39602 2.67745 0.0210254 424.598 7.09004 20456
eIoni 0.846843 1.39641 2.67619 0.0210313 422.731 1.86608
eIoni 0.850106 1.39858 2.6705 0.0210588 416.054 0.69091 20457 20458
eIoni 0.860358 1.40398 2.65321 0.0211421 411.928 2.56024 20459
eIoni 0.861596 1.40724 2.65133 0.0211579 409.399 1.40666 20460
eIoni 0.867433 1.42197 2.64318 0.0212294 405.195 4.20416
eIoni 0.867752 1.42527 2.64556 0.0212458 403.449 1.746
eIoni 0.868444 1.42976 2.64794 0.0212664 390.527 0.973739 20461
eIoni 0.868556 1.43041 2.64861 0.0212702 390.505 0.0220316
eIoni 0.873161 1.46749 2.68634 0.0214852 367.771 21.4255 20462
eIoni 0.85283 1.47681 2.68765 0.0215771 361.171 6.6
eIoni 0.852833 1.47672 2.68778 0.0215777 361.171 0
eIoni 0.853323 1.46321 2.70708 0.0216747 354.717 5.16681 20463
eIoni 0.849814 1.46455 2.74059 0.0218141 346.335 6.53443 20464
eIoni 0.84438 1.4587 2.74551 0.021853 337.509 1.19194 20465
eIoni 0.839474 1.45628 2.74642 0.0218762 335.262 2.2474
eIoni 0.811282 1.44759 2.75251 0.0220023 326.575 8.68737
eIoni 0.799241 1.44436 2.76906 0.0220895 318.154 6.09659 20466
eIoni 0.795867 1.44487 2.7724 0.0221097 316.277 1.8771
eIoni 0.790809 1.4488 2.78569 0.0221723 292.636 3.80348 20467
eIoni 0.791333 1.44916 2.78658 0.022177 290.517 2.11888
eIoni 0.791896 1.45279 2.79206 0.0222056 264.407 6.07815 20468
eIoni 0.786999 1.45584 2.81564 0.0223133 252.913 7.18061 20469
eIoni 0.776278 1.45193 2.82923 0.0223929 246.004 6.90859
eIoni 0.777052 1.45014 2.84404 0.0224604 241.778 4.22614
eIoni 0.756029 1.44437 2.87969 0.0226503 201.652 37.0007 20470
eIoni 0.756425 1.44695 2.87437 0.0226786 196.092 5.56005
eIoni 0.753894 1.45837 2.87158 0.0227367 191.138 4.95467
eIoni 0.756415 1.46075 2.86952 0.0227563 187.814 3.32315
eIoni 0.772455 1.46728 2.86421 0.0228449 181.678 6.13678
eIoni 0.774902 1.47102 2.85747 0.0228848 177.554 4.12343
eIoni 0.780449 1.46961 2.84656 0.0229461 170.226 7.32844
eIoni 0.786215 1.46317 2.83837 0.0230062 163.074 7.15173
eIoni 0.800086 1.45928 2.82814 0.0230966 156.37 6.70391
eIoni 0.799314 1.46399 2.81659 0.0231614 149.538 6.83233
eIoni 0.798723 1.46531 2.81402 0.0231769 147.528 2.00934
eIoni 0.793924 1.47057 2.81231 0.0232156 144.047 3.4811
eIoni 0.793633 1.47335 2.81158 0.023231 140.808 3.23946
eIoni 0.792992 1.47758 2.81049 0.0232548 135.57 2.92365 20471
eIoni 0.794755 1.48009 2.81033 0.0232715 133.763 0.598839 20472
eIoni 0.797656 1.48306 2.81315 0.0232989 121.825 5.07803 20473
eIoni 0.800679 1.4886 2.82137 0.0233576 116.432 5.39289
eIoni 0.798158 1.48826 2.82203 0.0233727 113.412 3.01963
eIoni 0.79438 1.49062 2.82242 0.0233986 108.991 4.42104
eIoni 0.793793 1.4943 2.82361 0.0234217 106.211 1.68318 20474
eIoni 0.790025 1.49944 2.83018 0.0234762 98.1897 5.21019 20475
eIoni 0.791575 1.50535 2.82611 0.0235212 92.0098 6.17996
eIoni 0.797002 1.51109 2.8233 0.0235738 83.7768 8.23294
eIoni 0.796863 1.51396 2.8232 0.0235925 80.6492 3.12765
eIoni 0.798001 1.51205 2.82399 0.0236082 76.76 2.58979 20476
eIoni 0.799196 1.51203 2.82519 0.0236196 73.8035 2.95644
eIoni 0.798911 1.51024 2.82672 0.0236358 66.3268 4.11537 20477
eIoni 0.798852 1.51056 2.82994 0.0236591 62.3047 4.02216
eIoni 0.799973 1.50973 2.83219 0.0236785 59.7273 2.57733
eIoni 0.801713 1.50841 2.83428 0.0237012 54.9492 4.77814
eIoni 0.803 1.51029 2.83521 0.0237202 50.7689 4.18032
eIoni 0.801738 1.51267 2.83559 0.0237421 48.727 2.04193
eIoni 0.804009 1.51396 2.83376 0.0237682 39.0744 7.0009 20478
eIoni 0.805499 1.51526 2.83356 0.0237861 35.4853 3.58905
eIoni 0.805045 1.51403 2.83296 0.0237996 33.5673 1.91808
eIoni 0.80509 1.5133 2.83249 0.023808 29.6778 2.01817 20479
eIoni 0.805571 1.51292 2.83121 0.0238225 19.9377 9.7401
eIoni 0.805911 1.51231 2.83146 0.0238317 8.43765 7.69333 20480
eIoni 0.806028 1.51228 2.83161 0.0238352 0 8.43765
>20480 1 e- 0.805911 1.51231 2.83146 0.0238317 3.80677 1 PrScint 0 
msc 0.805897 1.5123 2.83149 0.0238324 3.32191 0.484855
eIoni 0.805937 1.51231 2.83151 0.0238338 0 3.32191
>20479 1 e- 0.80509 1.5133 2.83249 0.023808 1.87124 1 PrScint 0 
msc 0.805082 1.51329 2.83249 0.0238083 1.55559 0.315652
eIoni 0.805079 1.51329 2.8325 0.023809 0 1.55559
>20478 1 e- 0.804009 1.51396 2.83376 0.0237682 2.65166 1 PrScint 0 
msc 0.804001 1.51397 2.83374 0.0237688 2.41369 0.237976
eIoni 0.803992 1.514 2.83373 0.0237699 0 2.41369
>20477 1 e- 0.798911 1.51024 2.82672 0.0236358 3.36132 1 PrScint 0 
msc 0.798895 1.51023 2.82673 0.0236365 3.36132 0
eIoni 0.798859 1.51022 2.82676 0.0236379 1.46821 1.89312
eIoni 0.798851 1.51023 2.82676 0.0236386 0 1.46821
>20476 1 e- 0.798001 1.51205 2.82399 0.0236082 1.29941 1 PrScint 0 
msc 0.797997 1.51204 2.82399 0.0236085 1.27982 0.019587
eIoni 0.797989 1.51203 2.824 0.0236091 0 1.27982
>20475 1 e- 0.790025 1.49944 2.83018 0.0234762 2.81106 1 PrScint 0 
msc 0.790032 1.49944 2.8302 0.0234767 2.44777 0.363292
eIoni 0.790054 1.49942 2.8302 0.0234778 0 2.44777
>20474 1 e- 0.793793 1.4943 2.82361 0.0234217 1.09703 1 PrScint 0 
msc 0.793798 1.4943 2.82362 0.023422 1.09703 0
eIoni 0.793808 1.4943 2.82362 0.0234225 0 1.09703
>20473 1 e- 0.797656 1.48306 2.81315 0.0232989 6.86067 1 PrScint 0 
eIoni 0.797635 1.48305 2.81316 0.0232995 5.2745 0.101965 20481
eIoni 0.797592 1.48298 2.81322 0.0233017 2.12079 1.69692 20482
eIoni 0.797607 1.48299 2.81324 0.0233026 0 2.12079
>20482 20473 e- 0.797592 1.48298 2.81322 0.0233017 1.4568 1 PrScint 0 
msc 0.797596 1.48299 2.81321 0.023302 1.4568 0
eIoni 0.797603 1.483 2.8132 0.0233027 0 1.4568
>20481 20473 e- 0.797635 1.48305 2.81316 0.0232995 1.4842 1 PrScint 0 
msc 0.797629 1.48305 2.81316 0.0232998 1.4684 0.0158032
eIoni 0.797616 1.48306 2.81316 0.0233005 0 1.4684
>20472 1 e- 0.794755 1.48009 2.81033 0.0232715 1.20738 1 PrScint 0 
msc 0.794754 1.48008 2.81033 0.0232717 1.17176 0.0356177
eIoni 0.794744 1.48008 2.81032 0.0232723 0 1.17176
>20471 1 e- 0.792992 1.47758 2.81049 0.0232548 2.31452 1 PrScint 0 
msc 0.793003 1.47757 2.81048 0.0232553 2.31452 0
eIoni 0.793024 1.47755 2.81047 0.0232563 0 2.31452
>20470 1 e- 0.775032 1.44959 2.84746 0.0224786 3.12496 1 PrScint 0 
msc 0.775044 1.44956 2.84746 0.0224794 3.02245 0.102511
eIoni 0.775063 1.44953 2.84745 0.0224807 0 3.02245
>20469 1 e- 0.786999 1.45584 2.81564 0.0223133 4.31359 1 PrScint 0 
msc 0.787005 1.45584 2.81568 0.0223142 4.18182 0.131776
eIoni 0.787012 1.45577 2.81569 0.0223159 1.8827 2.29911
eIoni 0.78703 1.45576 2.8157 0.0223168 0 1.8827
>20468 1 e- 0.791896 1.45279 2.79206 0.0222056 20.0318 1 PrScint 0 
msc 0.79228 1.45266 2.79213 0.0222106 19.4343 0.597487
eIoni 0.792935 1.45244 2.79195 0.0222196 1.12267 18.3116
eIoni 0.792936 1.45244 2.79195 0.0222201 0 1.12267
>20467 1 e- 0.790809 1.4488 2.78569 0.0221723 19.8377 1 PrScint 0 
msc 0.791101 1.44884 2.78566 0.0221759 19.7988 0.0389391
eIoni 0.791731 1.44864 2.78543 0.0221845 17.5743 2.22447
eIoni 0.792182 1.44832 2.78565 0.0221922 13.1732 2.26987 20483
eIoni 0.792371 1.44801 2.78554 0.022198 4.45145 8.72179
eIoni 0.79238 1.44808 2.78553 0.0221998 0 4.45145
>20483 20467 e- 0.792182 1.44832 2.78565 0.0221922 2.13117 1 PrScint 0 
msc 0.792171 1.44832 2.78565 0.0221927 2.13117 0
eIoni 0.792154 1.4483 2.78566 0.0221937 0 2.13117
>20466 1 e- 0.799241 1.44436 2.76906 0.0220895 2.32425 1 PrScint 0 
msc 0.799245 1.44434 2.76906 0.02209 2.32425 0
eIoni 0.799251 1.44431 2.76907 0.0220911 0 2.32425
>20465 1 e- 0.84438 1.4587 2.74551 0.021853 7.63374 1 PrScint 0 
msc 0.844373 1.45867 2.74543 0.0218547 6.60011 1.03363
eIoni 0.844425 1.45863 2.74531 0.0218574 0 6.60011
>20464 1 e- 0.849814 1.46455 2.74059 0.0218141 1.84765 1 PrScint 0 
msc 0.849807 1.46456 2.74059 0.0218145 1.66753 0.180129
eIoni 0.849795 1.46457 2.7406 0.0218153 0 1.66753
>20463 1 e- 0.853323 1.46321 2.70708 0.0216747 1.28695 1 PrScint 0 
msc 0.853322 1.46321 2.70708 0.021675 1.28695 0
eIoni 0.853317 1.4632 2.70707 0.0216756 0 1.28695
>20462 1 e- 0.873161 1.46749 2.68634 0.0214852 1.30881 1 PrScint 0 
msc 0.873159 1.46748 2.68634 0.0214855 1.27672 0.0320868
eIoni 0.873156 1.46747 2.68635 0.0214861 0 1.27672
>20461 1 e- 0.868444 1.42976 2.64794 0.0212664 11.9479 1 PrScint 0 
msc 0.868297 1.42973 2.64803 0.0212691 11.6427 0.305239
eIoni 0.868245 1.42972 2.64808 0.0212703 11.0267 0.616
eIoni 0.868052 1.42965 2.64829 0.0212751 0 11.0267
>20460 1 e- 0.861596 1.40724 2.65133 0.0211579 1.12211 1 PrScint 0 
msc 0.861599 1.40725 2.65134 0.0211582 1.12211 0
eIoni 0.861605 1.40725 2.65135 0.0211588 0 1.12211
>20459 1 e- 0.860358 1.40398 2.65321 0.0211421 1.56594 1 PrScint 0 
msc 0.86035 1.40398 2.65321 0.0211424 1.53562 0.0303154
eIoni 0.860334 1.40398 2.6532 0.0211431 0 1.53562
>20458 1 e- 0.850106 1.39858 2.6705 0.0210588 2.82925 1 PrScint 0 
msc 0.850123 1.39859 2.67051 0.0210595 2.40756 0.421687
eIoni 0.850147 1.39861 2.67052 0.0210605 0 2.40756
>20457 1 e- 0.848381 1.39743 2.67351 0.0210443 3.15723 1 PrScint 0 
msc 0.84838 1.39742 2.67352 0.0210448 2.94022 0.217008
eIoni 0.84838 1.39738 2.67354 0.021046 0 2.94022
>20456 1 e- 0.846146 1.39602 2.67745 0.0210254 2.03094 1 PrScint 0 
msc 0.846155 1.39602 2.67745 0.0210258 1.86234 0.168603
eIoni 0.846172 1.39604 2.67746 0.0210267 0 1.86234
>20455 1 e- 0.847691 1.34766 2.73013 0.0205908 7.66662 1 PrScint 0 
msc 0.84777 1.34768 2.73016 0.0205926 7.66662 0
eIoni 0.847927 1.34771 2.73021 0.0205958 0 7.66662
>20454 1 e- 0.877575 1.31871 2.73078 0.0204289 13.9753 1 PrScint 0 
eIoni 0.877561 1.3187 2.7308 0.0204293 13.9753 0
eIoni 0.877353 1.31853 2.73113 0.0204354 8.22825 5.7471
eIoni 0.877182 1.31848 2.73116 0.0204389 0 8.22825
>20453 1 e- 0.960674 1.36213 2.70345 0.0200386 3.16114 1 PrScint 0 
msc 0.960676 1.36214 2.70348 0.0200394 2.8888 0.272345
eIoni 0.960677 1.36216 2.70351 0.0200406 0 2.8888
>20452 1 e- 0.978817 1.36905 2.69246 0.019953 2.17096 1 PrScint 0 
msc 0.978815 1.36906 2.69247 0.0199535 2.17096 0
eIoni 0.978817 1.36908 2.69246 0.0199544 0 2.17096
>20451 1 e- 0.988946 1.39146 2.64751 0.0197332 4.16489 1 PrScint 0 
msc 0.988923 1.39146 2.64753 0.0197341 3.50672 0.658168
eIoni 0.988922 1.39145 2.64758 0.0197356 0 3.50672
>20450 1 e- 0.957373 1.45054 2.62837 0.0194649 2.62346 1 PrScint 0 
msc 0.957381 1.45055 2.62838 0.0194654 1.94457 0.678891
eIoni 0.957362 1.45056 2.62837 0.0194663 0 1.94457
>20449 1 e- 0.94491 1.53436 2.66489 0.0191159 2.3041 1 PrScint 0 
msc 0.944918 1.53437 2.66487 0.0191164 2.20971 0.0943845
eIoni 0.944934 1.53438 2.66486 0.0191174 0 2.20971
>20448 1 e- 0.941378 1.54506 2.67661 0.0190551 3.41966 1 PrScint 0 
msc 0.941384 1.54505 2.67664 0.019056 3.3552 0.0644553
eIoni 0.941393 1.54503 2.67668 0.0190573 1.39216 0.834902 20484
eIoni 0.941394 1.54504 2.6767 0.019058 0 1.39216
>20484 20448 e- 0.941393 1.54503 2.67668 0.0190573 1.12815 1 PrScint 0 
msc 0.941388 1.54503 2.67668 0.0190576 0.556677 0.57147
eIoni 0.941382 1.54503 2.67668 0.019058 0 0.556677
>20447 1 e- 0.935338 1.56336 2.69668 0.0189512 2.92158 1 PrScint 0 
msc 0.935348 1.56337 2.69669 0.0189518 2.92158 0
eIoni 0.935385 1.56338 2.69669 0.0189531 0 2.92158
>20446 1 e- 0.934658 1.56542 2.69894 0.0189395 7.58354 1 PrScint 0 
eIoni 0.934664 1.56542 2.69893 0.0189396 6.18969 1.39385
eIoni 0.934761 1.56549 2.69895 0.0189422 0 6.18969
>20445 1 e- 0.928993 1.58396 2.78097 0.0186103 3.01985 1 PrScint 0 
msc 0.928973 1.58397 2.78097 0.0186109 3.01985 0
eIoni 0.928932 1.58398 2.78098 0.0186122 0 3.01985
>20444 1 e- 0.926433 1.58449 2.78876 0.0185798 2.25398 1 PrScint 0 
msc 0.926426 1.58449 2.78875 0.0185802 2.25398 0
eIoni 0.926413 1.58448 2.78873 0.0185812 0 2.25398
>20443 1 e- 0.944778 1.56976 2.82377 0.0184236 1.88873 1 PrScint 0 
msc 0.944783 1.56975 2.82377 0.018424 1.542 0.346735
eIoni 0.944789 1.56973 2.82376 0.0184248 0 1.542
>20442 1 e- 0.954825 1.53254 2.84186 0.0182664 3.74455 1 PrScint 0 
msc 0.954806 1.53255 2.84188 0.0182673 3.74455 0
eIoni 0.954762 1.53257 2.84191 0.0182688 0 3.74455
>20441 1 e- 0.955227 1.5282 2.8433 0.0182495 2.84619 1 PrScint 0 
msc 0.955235 1.5282 2.84328 0.0182501 2.69561 0.150574
eIoni 0.955224 1.52817 2.84326 0.0182513 0 2.69561
>20440 1 gamma 0.95804 1.51467 2.84619 0.0181974 5.79664 1 PrScint 0 
phot 0.958822 1.51751 2.84744 0.0182081 0 5.4169 20485
>20485 20440 e- 0.958822 1.51751 2.84744 0.0182081 0.379741 1 PrScint 0 
msc 0.958822 1.51751 2.84744 0.0182082 0.358609 0.0211324
eIoni 0.95882 1.51751 2.84744 0.0182086 0 0.358609
>20439 1 e- 1.05342 1.41798 2.88079 0.017608 2.24117 1 PrScint 0 
msc 1.05341 1.41798 2.8808 0.0176086 2.24117 0
eIoni 1.05339 1.41797 2.88082 0.0176095 0 2.24117
>20438 1 e- 1.07437 1.37513 2.99487 0.0170011 4.14692 1 PrScint 0 
msc 1.07435 1.37514 2.99491 0.0170021 3.34319 0.803726
eIoni 1.07432 1.37515 2.99494 0.0170035 0 3.34319
>20437 1 e- 1.07036 1.35327 2.98173 0.0169071 1.22141 1 PrScint 0 
msc 1.07036 1.35327 2.98173 0.0169073 1.22141 0
eIoni 1.07036 1.35326 2.98174 0.016908 0 1.22141
>20436 1 e- 1.08682 1.33122 2.97026 0.0167989 1.1697 1 PrScint 0 
msc 1.08683 1.33122 2.97027 0.0167992 1.11621 0.0534873
eIoni 1.08683 1.33122 2.97027 0.0167997 0 1.11621
>20435 1 e- 1.11472 1.33064 2.96347 0.0166946 1.70283 1 PrScint 0 
msc 1.11472 1.33065 2.96346 0.016695 1.66017 0.0426609
eIoni 1.11472 1.33066 2.96345 0.0166958 0 1.66017
>20434 1 e- 1.14666 1.27945 2.89738 0.0163604 1.45982 1 PrScint 0 
msc 1.14667 1.27946 2.89738 0.0163608 1.17896 0.28086
eIoni 1.14667 1.27947 2.89737 0.0163614 0 1.17896
>20433 1 e- 1.25141 1.2036 2.81855 0.0158109 3.40627 1 PrScint 0 
msc 1.2514 1.20362 2.81857 0.0158118 3.40627 0
eIoni 1.25137 1.20364 2.8186 0.0158132 0 3.40627
>20432 1 e- 1.26912 1.18181 2.81251 0.0157049 1.20782 1 PrScint 0 
msc 1.26912 1.18181 2.81251 0.0157051 1.20782 0
eIoni 1.26911 1.18182 2.81251 0.0157057 0 1.20782
>20431 1 e- 1.25707 1.10093 2.77572 0.0153736 1.58648 1 PrScint 0 
msc 1.25707 1.10093 2.77571 0.015374 1.46677 0.11971
eIoni 1.25707 1.10095 2.77571 0.0153747 0 1.46677
>20430 1 e- 1.24965 1.09221 2.77131 0.0153296 1.005 1 PrScint 0 
msc 1.24965 1.09222 2.77131 0.0153298 1.005 0
eIoni 1.24964 1.09222 2.77132 0.0153304 0 1.005
>20429 1 e- 1.20343 1.09201 2.7923 0.0151476 2.04204 1 PrScint 0 
msc 1.20343 1.09201 2.79231 0.0151478 2.04204 0
eIoni 1.20343 1.09199 2.79232 0.0151487 0 2.04204
>20428 1 e- 1.18031 1.08365 2.80686 0.0150452 3.28763 1 PrScint 0 
msc 1.1803 1.08368 2.80685 0.015046 2.65105 0.636579
eIoni 1.18029 1.08371 2.80685 0.0150471 0 2.65105
>20427 1 e- 1.17712 1.08245 2.80889 0.015031 2.40553 1 PrScint 0 
msc 1.17713 1.08243 2.80889 0.0150315 2.40553 0
eIoni 1.17713 1.0824 2.80888 0.0150326 0 2.40553
>20426 1 e- 1.12342 1.07326 2.83191 0.0148194 2.22429 1 PrScint 0 
msc 1.12342 1.07327 2.83192 0.01482 2.22429 0
eIoni 1.12343 1.07328 2.83195 0.0148209 0 2.22429
>20425 1 e- 1.04203 1.05833 2.83208 0.0145237 2.08013 1 PrScint 0 
msc 1.04203 1.05834 2.83209 0.0145242 2.0642 0.0159266
eIoni 1.04201 1.05836 2.8321 0.0145251 0 2.0642
>20424 1 e- 1.00707 1.14995 2.8268 0.0141625 2.03094 1 PrScint 0 
msc 1.00708 1.14995 2.82679 0.014163 1.44869 0.582245
eIoni 1.00709 1.14996 2.82679 0.0141637 0 1.44869
>20423 1 e- 0.968249 1.20083 2.81111 0.0139247 3.17062 1 PrScint 0 
msc 0.968234 1.20082 2.81111 0.0139252 3.15523 0.0153879
eIoni 0.968191 1.20082 2.8111 0.0139265 0 3.15523
>20422 1 e- 0.965674 1.20361 2.81034 0.013911 1.44246 1 PrScint 0 
msc 0.965671 1.20361 2.81033 0.0139113 1.44246 0
eIoni 0.965665 1.2036 2.81032 0.013912 0 1.44246
>20421 1 e- 0.964919 1.20452 2.81013 0.0139067 4.28197 1 PrScint 0 
msc 0.964917 1.20448 2.81013 0.0139076 4.28197 0
eIoni 0.96488 1.20443 2.81016 0.0139094 1.18522 1.96296 20486
eIoni 0.964869 1.20443 2.81015 0.01391 0 1.18522
>20486 20421 e- 0.96488 1.20443 2.81016 0.0139094 1.13378 1 PrScint 0 
msc 0.96488 1.20443 2.81015 0.0139097 1.13378 0
eIoni 0.96488 1.20444 2.81015 0.0139103 0 1.13378
>20420 1 e- 0.941451 1.23253 2.80384 0.013775 2.3041 1 PrScint 0 
msc 0.941447 1.23253 2.80383 0.0137755 2.26523 0.038863
eIoni 0.941442 1.23253 2.8038 0.0137765 0 2.26523
>20419 1 e- 0.887945 1.22146 2.76705 0.0135414 3.46619 1 PrScint 0 
msc 0.88793 1.22146 2.76708 0.0135422 3.44923 0.0169644
eIoni 0.887904 1.22147 2.76712 0.0135437 0 3.44923
>20418 1 e- 0.876321 1.21961 2.75459 0.0134804 1.55148 1 PrScint 0 
msc 0.876322 1.21962 2.75459 0.0134808 1.35913 0.192348
eIoni 0.876323 1.21963 2.75459 0.0134814 0 1.35913
>20417 1 e- 0.859699 1.22058 2.73186 0.0133806 1.08015 1 PrScint 0 
msc 0.859699 1.22058 2.73187 0.0133808 1.08015 0
eIoni 0.859702 1.22058 2.73188 0.0133814 0 1.08015
>20416 1 e- 0.813331 1.236 2.67296 0.0131076 2.00233 1 PrScint 0 
msc 0.813324 1.23601 2.67296 0.0131081 1.89963 0.102699
eIoni 0.813313 1.23602 2.67298 0.0131089 0 1.89963
>20415 1 e- 0.742962 1.24486 2.61636 0.0127849 106.948 1 PrScint 0 
msc 0.748415 1.24434 2.61638 0.0128174 105.496 1.45223
eIoni 0.75538 1.24414 2.6165 0.012859 99.7222 5.77385
eIoni 0.755468 1.24411 2.61658 0.0128597 99.7222 0
eIoni 0.761723 1.24241 2.62124 0.0129083 91.8881 7.83416
eIoni 0.762419 1.24542 2.61349 0.0129608 76.8902 3.32158 20487 20488 20489
eIoni 0.766381 1.24597 2.61081 0.0129933 72.4856 4.40466
eIoni 0.767111 1.24558 2.61014 0.0130006 70.8597 1.6259
eIoni 0.768615 1.24633 2.60933 0.0130136 68.9042 1.95545
eIoni 0.77264 1.24734 2.60637 0.0130496 60.0269 7.81217 20490
eIoni 0.773394 1.24355 2.60876 0.0130836 40.874 19.1529
eIoni 0.773443 1.24451 2.61026 0.0130994 38.0167 2.85732
eIoni 0.772977 1.24368 2.61059 0.0131085 33.6607 0.911085 20491
eIoni 0.772482 1.24332 2.61223 0.0131254 22.5512 11.1095
eIoni 0.772263 1.24271 2.61287 0.013136 13.4894 9.06172
eIoni 0.772301 1.24311 2.61285 0.0131419 0 13.4894
>20491 20415 e- 0.772977 1.24368 2.61059 0.0131085 3.44487 1 PrScint 0 
msc 0.772959 1.2437 2.61059 0.0131094 3.21787 0.227
eIoni 0.772931 1.24374 2.61059 0.0131107 0 3.21787
>20490 20415 e- 0.77264 1.24734 2.60637 0.0130496 1.06514 1 PrScint 0 
msc 0.772637 1.24735 2.60637 0.0130499 1.06514 0
eIoni 0.772629 1.24735 2.60637 0.0130504 0 1.06514
>20489 20415 e- 0.762419 1.24542 2.61349 0.0129608 5.51319 1 PrScint 0 
msc 0.762433 1.24547 2.61352 0.0129621 5.46875 0.0444454
eIoni 0.762444 1.24553 2.61359 0.0129643 0 5.46875
>20488 20415 e- 0.762105 1.24407 2.61699 0.0129371 2.72614 1 PrScint 0 
msc 0.762091 1.24405 2.61698 0.0129378 2.60631 0.119831
eIoni 0.762067 1.24403 2.61697 0.0129389 0 2.60631
>20487 20415 e- 0.76189 1.24314 2.61938 0.0129209 3.43691 1 PrScint 0 
msc 0.761881 1.24314 2.6194 0.0129216 3.1973 0.239615
eIoni 0.761854 1.24316 2.61943 0.0129229 0 3.1973
>20414 1 e- 0.730787 1.25088 2.60577 0.0127245 1.49585 1 PrScint 0 
msc 0.730791 1.25089 2.60576 0.0127249 1.49585 0
eIoni 0.730799 1.2509 2.60575 0.0127256 0 1.49585
>20413 1 e- 0.730175 1.25114 2.60526 0.0127216 1.44596 1 PrScint 0 
msc 0.73018 1.25115 2.60525 0.0127219 1.42949 0.0164666
eIoni 0.730186 1.25116 2.60526 0.0127226 0 1.42949
>20412 1 e- 0.71854 1.25036 2.55754 0.0125496 5.28134 1 PrScint 0 
msc 0.718575 1.25034 2.55757 0.0125509 5.26411 0.0172323
eIoni 0.718616 1.25036 2.55766 0.012553 0 5.26411
>20411 1 e- 0.710878 1.24984 2.52611 0.0124364 2.03094 1 PrScint 0 
msc 0.710886 1.24984 2.52611 0.0124368 2.03094 0
eIoni 0.710902 1.24986 2.5261 0.0124377 0 2.03094
>20410 1 e- 0.699788 1.24939 2.4973 0.0123283 1.31189 1 PrScint 0 
msc 0.699782 1.24939 2.4973 0.0123286 1.31189 0
eIoni 0.699769 1.24939 2.49729 0.0123292 0 1.31189
>20409 1 e- 0.698048 1.25038 2.4884 0.0122964 1.16709 1 PrScint 0 
msc 0.698047 1.25039 2.4884 0.0122967 1.16709 0
eIoni 0.698042 1.25039 2.48841 0.0122973 0 1.16709
>20408 1 e- 0.697256 1.24935 2.4778 0.012259 2.21717 1 PrScint 0 
msc 0.697259 1.24934 2.4778 0.0122595 2.11617 0.101
eIoni 0.697264 1.24931 2.47778 0.0122605 0 2.11617
>20407 1 e- 0.696803 1.24929 2.4746 0.0122477 2.49508 1 PrScint 0 
msc 0.696798 1.2493 2.4746 0.0122483 2.46867 0.026414
eIoni 0.696787 1.24933 2.4746 0.0122494 0 2.46867
>20406 1 e- 0.696507 1.24651 2.46123 0.0122 3.73547 1 PrScint 0 
msc 0.696483 1.24653 2.46122 0.0122009 2.90544 0.830032
eIoni 0.696446 1.24653 2.46121 0.0122021 0 2.90544
>20405 1 e- 0.649506 1.26081 2.40007 0.0119175 4.24424 1 PrScint 0 
msc 0.649519 1.26079 2.40009 0.0119183 4.18991 0.054337
eIoni 0.649565 1.26074 2.40011 0.0119201 0 4.18991
>20404 1 e- 0.643159 1.26454 2.39352 0.0118831 6.94193 1 PrScint 0 
msc 0.643215 1.26458 2.39354 0.0118846 6.84508 0.0968484
eIoni 0.643223 1.26466 2.39365 0.0118875 0 6.84508
>20403 1 e- 0.642822 1.26473 2.39316 0.0118813 1.2524 1 PrScint 0 
msc 0.642825 1.26474 2.39316 0.0118816 1.23517 0.0172284
eIoni 0.642827 1.26474 2.39318 0.0118822 0 1.23517
>20402 1 e- 0.612458 1.29348 2.34916 0.0116694 1.42819 1 PrScint 0 
msc 0.612458 1.29349 2.34917 0.0116697 1.34584 0.0823462
eIoni 0.612459 1.29349 2.34918 0.0116704 0 1.34584
>20401 1 e- 0.571071 1.2974 2.33181 0.0115004 9.42787 1 PrScint 0 
msc 0.571111 1.29735 2.33176 0.0115017 9.36775 0.0601243
eIoni 0.571117 1.2975 2.33159 0.0115057 0 9.36775
>20400 1 e- 0.513979 1.29226 2.32501 0.0112995 1.02013 1 PrScint 0 
msc 0.513979 1.29226 2.32501 0.0112997 0.99645 0.0236798
eIoni 0.513987 1.29226 2.32501 0.0113002 0 0.99645
>20399 1 e- 0.495543 1.28974 2.32647 0.0112345 40.5454 1 PrScint 0 
msc 0.495513 1.28892 2.3255 0.0112457 40.0284 0.51705
eIoni 0.495055 1.28814 2.32348 0.0112655 31.5229 6.6133 20492
eIoni 0.494594 1.28965 2.32346 0.0112811 23.8092 7.71367
eIoni 0.495122 1.29049 2.32352 0.0112924 0 23.8092
>20492 20399 e- 0.495055 1.28814 2.32348 0.0112655 1.8922 1 PrScint 0 
msc 0.495057 1.28814 2.32349 0.0112659 1.86199 0.0302076
eIoni 0.49506 1.28815 2.32351 0.0112668 0 1.86199
>20398 1 e- 0.413048 1.24965 2.31279 0.0109127 2.03094 1 PrScint 0 
msc 0.413041 1.24965 2.3128 0.0109131 1.59496 0.435982
eIoni 0.41303 1.24965 2.31281 0.0109139 0 1.59496
>20397 1 e- 0.40833 1.24659 2.31197 0.0108929 5.26591 1 PrScint 0 
msc 0.408374 1.2466 2.31197 0.010894 4.65698 0.608935
eIoni 0.408446 1.24662 2.31196 0.0108959 0 4.65698
>20396 1 e- 0.374104 1.22369 2.30948 0.0107498 1.13076 1 PrScint 0 
msc 0.374106 1.22368 2.30948 0.0107501 1.11162 0.0191386
eIoni 0.374111 1.22367 2.30947 0.0107506 0 1.11162
>20395 1 e- 0.359785 1.21214 2.29387 0.0106659 2.03094 1 PrScint 0 
msc 0.359782 1.21216 2.29387 0.0106664 2.03094 0
eIoni 0.359775 1.21218 2.29386 0.0106673 0 2.03094
>20394 1 e- 0.351524 1.1989 2.26234 0.0105441 3.17062 1 PrScint 0 
msc 0.351505 1.19891 2.26235 0.0105449 3.11426 0.0563641
eIoni 0.351472 1.19892 2.26238 0.0105462 0 3.11426
>20393 1 e- 0.337161 1.17589 2.20752 0.0103324 2.03094 1 PrScint 0 
msc 0.33715 1.17589 2.20753 0.0103329 2.03094 0
eIoni 0.337131 1.1759 2.20754 0.0103338 0 2.03094
>20392 1 e- 0.331197 1.16925 2.18737 0.0102561 1.07743 1 PrScint 0 
msc 0.331196 1.16926 2.18737 0.0102564 1.07743 0
eIoni 0.331193 1.16927 2.18737 0.010257 0 1.07743
>20391 1 e- 0.328307 1.16485 2.18159 0.0102291 4.0294 1 PrScint 0 
msc 0.32831 1.16482 2.1816 0.01023 4.0294 0
eIoni 0.328316 1.16476 2.18162 0.0102317 0 4.0294
>20390 1 e- 0.313687 1.14179 2.15076 0.0100866 3.17062 1 PrScint 0 
msc 0.313692 1.14181 2.15077 0.0100873 3.07709 0.0935348
eIoni 0.313712 1.14183 2.1508 0.0100886 1.31044 1.76665
eIoni 0.313721 1.14184 2.15079 0.0100892 0 1.31044
>20389 1 e- 0.286988 1.09731 2.10156 0.00983863 1.2246 1 PrScint 0 
msc 0.286993 1.09731 2.10156 0.00983892 1.1793 0.0453046
eIoni 0.287002 1.09731 2.10155 0.00983952 0 1.1793
>20388 1 e- 0.257113 1.04524 2.03982 0.00953988 2.18358 1 PrScint 0 
msc 0.257116 1.04524 2.03982 0.00954005 2.18358 0
eIoni 0.25712 1.04525 2.03984 0.00954091 1.02941 0.123126 20493
eIoni 0.257119 1.04526 2.03984 0.00954145 0 1.02941
>20493 20388 e- 0.25712 1.04525 2.03984 0.00954091 1.03104 1 PrScint 0 
msc 0.257124 1.04525 2.03984 0.00954116 1.03104 0
eIoni 0.257133 1.04525 2.03983 0.0095417 0 1.03104
>20387 1 e- 0.246391 1.02431 2.02223 0.00943849 1.7975 1 PrScint 0 
msc 0.246386 1.0243 2.02224 0.0094389 0.926091 0.871406
eIoni 0.246381 1.0243 2.02225 0.00943941 0 0.926091
>20386 1 e- 0.243247 1.01959 2.01911 0.00941615 1.52211 1 PrScint 0 
msc 0.243253 1.01959 2.01911 0.0094165 1.49914 0.0229682
eIoni 0.243262 1.01958 2.01911 0.00941721 0 1.49914
>20385 1 e- 0.233158 1.00234 2.01403 0.00934494 2.12966 1 PrScint 0 
msc 0.233163 1.00233 2.01404 0.00934537 2.12966 0
eIoni 0.23315 1.00232 2.01405 0.00934631 0 2.12966
>20384 1 e- 0.204181 0.968906 1.99399 0.00917674 1.9277 1 PrScint 0 
msc 0.204189 0.968908 1.99398 0.00917718 1.85679 0.0709157
eIoni 0.204202 0.96891 1.99397 0.00917802 0 1.85679
>20383 1 e- 0.200675 0.96556 1.99025 0.00915561 1.15077 1 PrScint 0 
msc 0.200674 0.965563 1.99025 0.00915579 1.15077 0
eIoni 0.200678 0.965553 1.99025 0.00915637 0 1.15077
>20382 1 e- 0.191273 0.957888 1.97552 0.00908976 3.73547 1 PrScint 0 
msc 0.191263 0.957898 1.97554 0.00909058 3.73547 0
eIoni 0.191278 0.957934 1.97558 0.00909214 0 3.73547
>20381 1 e- 0.183926 0.951894 1.96401 0.00903831 1.44771 1 PrScint 0 
msc 0.183926 0.951892 1.964 0.00903859 1.39748 0.0502266
eIoni 0.183925 0.951884 1.96399 0.00903926 0 1.39748
>20380 1 e- 0.132186 0.939538 1.80821 0.00846395 1.33336 1 PrScint 0 
msc 0.132183 0.939544 1.80821 0.00846426 1.33336 0
eIoni 0.132177 0.939557 1.80821 0.00846491 0 1.33336
>20379 1 e- 0.128136 0.936544 1.79684 0.00842089 3.40627 1 PrScint 0 
msc 0.128162 0.936553 1.79684 0.00842171 3.40627 0
eIoni 0.128206 0.936565 1.79682 0.00842314 0 3.40627
>20378 1 e- 0.0849366 0.840217 1.6873 0.00786175 6.4856 1 PrScint 0 
msc 0.0849962 0.840201 1.68727 0.00786317 5.69336 0.792239
eIoni 0.0850767 0.840184 1.68722 0.00786543 1.80434 3.88902
eIoni 0.0850572 0.840182 1.68721 0.00786625 0 1.80434
>20377 1 e- 0.0631344 0.805089 1.67928 0.00771685 6.6855 1 PrScint 0 
msc 0.0630954 0.805143 1.67926 0.00771832 6.19423 0.491274
eIoni 0.0630266 0.805236 1.67924 0.00772084 3.78772 2.40651
eIoni 0.0629968 0.805266 1.67928 0.00772242 1.57151 2.21621
eIoni 0.0629989 0.805257 1.67929 0.00772315 0 1.57151
>20376 1 e- 0.0571789 0.793512 1.67602 0.00767069 1.25444 1 PrScint 0 
msc 0.0571792 0.793515 1.67602 0.00767086 0 1.25444
>20375 1 e- 0.0272697 0.753402 1.66056 0.00749059 19.549 1 PrScint 0 
msc 0.0272461 0.753605 1.66023 0.00749544 19.1656 0.383405
eIoni 0.0270209 0.753793 1.65959 0.00750422 2.69595 15.4517 20494
eIoni 0.0270301 0.753798 1.65956 0.00750537 0 2.69595
>20494 20375 e- 0.0270209 0.753793 1.65959 0.00750422 1.01791 1 PrScint 0 
msc 0.0270165 0.753792 1.65959 0.00750446 1.01791 0
eIoni 0.0270069 0.753791 1.65959 0.007505 0 1.01791
>20374 1 e- -0.0370897 0.725911 1.59901 0.00716405 15.1999 1 PrScint 0 
msc -0.0370018 0.726138 1.59892 0.00716767 15.1999 0
eIoni -0.0367353 0.726496 1.59873 0.00717443 0 15.1999
>20373 1 e- -0.0468511 0.721646 1.59025 0.00711668 9.5418 1 PrScint 0 
msc -0.0469493 0.721724 1.59028 0.00711894 8.65645 0.885343
eIoni -0.0471144 0.721831 1.59028 0.00712255 4.87159 3.78487
eIoni -0.0471957 0.72184 1.59026 0.00712457 0 4.87159
>20372 1 e- -0.058639 0.715521 1.58355 0.00706563 2.39117 1 PrScint 0 
msc -0.0586421 0.715512 1.58356 0.00706618 2.36088 0.0302887
eIoni -0.0586557 0.715499 1.58359 0.00706721 0 2.36088
>20371 1 e- -0.0632546 0.713201 1.58089 0.00704569 32.5861 1 PrScint 0 
msc -0.0635071 0.713117 1.58175 0.00705448 30.564 2.02217
eIoni -0.0639277 0.713155 1.58295 0.0070673 26.9892 3.57477
eIoni -0.0637193 0.713298 1.58298 0.00707002 25.8825 0 20495
eIoni -0.0629566 0.714124 1.58278 0.00708243 8.5131 15.1985 20496
eIoni -0.0630669 0.714116 1.58285 0.00708488 6.1712 2.3419
eIoni -0.0631181 0.71413 1.58275 0.00708744 0 6.1712
>20496 20371 e- -0.0629566 0.714124 1.58278 0.00708243 2.17096 1 PrScint 0 
msc -0.0629635 0.714115 1.58279 0.00708294 2.17096 0
eIoni -0.0629764 0.714097 1.5828 0.00708389 0 2.17096
>20495 20371 e- -0.0637193 0.713298 1.58298 0.00707002 1.10666 1 PrScint 0 
msc -0.0637149 0.713295 1.58298 0.00707028 1.10666 0
eIoni -0.0637054 0.71329 1.58299 0.00707085 0 1.10666
>20370 1 e- -0.0756965 0.708268 1.56992 0.00698627 1.66775 1 PrScint 0 
msc -0.075691 0.70827 1.56992 0.0069866 1.64814 0.0196064
eIoni -0.0756781 0.708272 1.56993 0.00698737 0 1.64814
>20369 1 e- -0.091295 0.701597 1.5569 0.00691298 1.13247 1 PrScint 0 
msc -0.0912982 0.701601 1.5569 0.00691325 1.1147 0.0177702
eIoni -0.091305 0.701609 1.5569 0.00691382 0 1.1147
>20368 1 gamma -0.0918014 0.70137 1.55647 0.00691057 5.7577 1 PrScint 0 
phot -0.0887581 0.703072 1.55778 0.006923 0 0.7453 20497 20498
>20498 20368 e- -0.0887581 0.703072 1.55778 0.006923 4.0294 1 PrScint 0 
msc -0.0887457 0.703087 1.55776 0.00692384 3.98481 0.0445872
eIoni -0.0887088 0.703134 1.55777 0.0069255 0 3.98481
>20497 20368 e- -0.0887581 0.703072 1.55778 0.006923 0.982999 1 PrScint 0 
msc -0.0887601 0.703073 1.55779 0.00692324 0.936379 0.0466199
eIoni -0.0887641 0.703076 1.5578 0.00692375 0 0.936379
>20367 1 e- -0.107583 0.68991 1.54118 0.00682566 6.72309 1 PrScint 0 
msc -0.107613 0.689918 1.54116 0.0068265 6.33737 0.385715
eIoni -0.107678 0.68997 1.54107 0.00682913 0 6.33737
>20366 1 e- -0.189506 0.657071 1.3943 0.00623644 2.98547 1 PrScint 0 
msc -0.189509 0.657094 1.3943 0.00623715 2.87452 0.110951
eIoni -0.189514 0.657132 1.39429 0.00623837 0 2.87452
>20365 1 e- -0.195898 0.646386 1.37119 0.00614649 1.24318 1 PrScint 0 
msc -0.195894 0.646383 1.37119 0.00614673 1.24318 0
eIoni -0.195902 0.646374 1.37119 0.00614735 0 1.24318
>20364 1 e- -0.21154 0.621162 1.32853 0.00596857 4.35056 1 PrScint 0 
msc -0.211516 0.621178 1.32851 0.00596956 4.02783 0.322726
eIoni -0.211479 0.621191 1.32846 0.00597111 1.67165 2.35618
eIoni -0.211477 0.621192 1.32844 0.00597188 0 1.67165
>20363 1 e- -0.212454 0.618579 1.32208 0.00594461 3.07608 1 PrScint 0 
msc -0.212473 0.618583 1.32207 0.00594529 3.07608 0
eIoni -0.212502 0.618574 1.32204 0.00594659 0 3.07608
>20362 1 e- -0.204647 0.60537 1.28816 0.00581524 3.17062 1 PrScint 0 
msc -0.204662 0.605373 1.28814 0.00581592 3.17062 0
eIoni -0.204673 0.605389 1.2881 0.00581726 0 3.17062
>20361 1 gamma -0.204647 0.60537 1.28816 0.00581524 4.09718 1 PrScint 0 
phot -0.209005 0.609208 1.2949 0.00584491 0 0 20499
>20499 20361 e- -0.209005 0.609208 1.2949 0.00584491 4.09718 1 PrScint 0 
msc -0.209001 0.609232 1.29487 0.00584588 3.98352 0.113656
eIoni -0.208997 0.609274 1.29482 0.00584754 0 3.98352
>20360 1 e- -0.204647 0.60537 1.28816 0.00581524 25.0066 1 PrScint 0 
msc -0.205129 0.605652 1.28827 0.00582154 24.1243 0.882327
eIoni -0.206012 0.606119 1.28807 0.00583298 9.94687 14.1774
eIoni -0.205964 0.606324 1.28794 0.00583722 0 9.94687
>20359 1 e- -0.197464 0.598243 1.26945 0.00574257 2.69794 1 PrScint 0 
msc -0.197466 0.598262 1.26944 0.0057432 2.66405 0.0338945
eIoni -0.197468 0.598295 1.26943 0.00574434 0 2.66405
>20358 1 e- -0.174308 0.551081 1.19011 0.00541734 1.01287 1 PrScint 0 
msc -0.17431 0.551084 1.19011 0.00541756 0.799443 0.213422
eIoni -0.174317 0.551081 1.1901 0.00541802 0 0.799443
>20357 1 e- -0.172112 0.544269 1.18185 0.00538002 2.03094 1 PrScint 0 
msc -0.172116 0.544265 1.18185 0.00538042 2.03094 0
eIoni -0.1721 0.54426 1.18187 0.00538132 0 2.03094
>20356 1 e- -0.155953 0.518222 1.12409 0.0051544 1.88997 1 PrScint 0 
msc -0.155955 0.518228 1.12409 0.0051548 1.14402 0.745944
eIoni -0.155955 0.518235 1.12408 0.00515538 0 1.14402
>20355 1 e- -0.152079 0.515186 1.10371 0.00508283 3.40627 1 PrScint 0 
msc -0.152094 0.515183 1.10373 0.0050836 3.39281 0.013464
eIoni -0.152138 0.515201 1.10373 0.00508502 0 3.39281
>20354 1 e- -0.143554 0.508222 1.05835 0.00492357 1.6973 1 PrScint 0 
msc -0.143548 0.508229 1.05835 0.00492396 1.6724 0.0248931
eIoni -0.143536 0.508244 1.05835 0.00492473 0 1.6724
>20353 1 e- -0.149401 0.510368 1.04476 0.00487256 1.08829 1 PrScint 0 
msc -0.149397 0.510367 1.04476 0.00487282 1.04044 0.0478494
eIoni -0.149388 0.510364 1.04475 0.00487337 0 1.04044
>20352 1 e- -0.164275 0.513099 1.023 0.00478218 2.06679 1 PrScint 0 
msc -0.164276 0.51311 1.023 0.00478261 2.04093 0.0258603
eIoni -0.16429 0.51311 1.02298 0.00478352 0 2.04093
>20351 1 e- -0.171391 0.514257 1.01491 0.0047452 1.13549 1 PrScint 0 
msc -0.171388 0.514253 1.0149 0.00474547 1.05597 0.0795159
eIoni -0.171383 0.514245 1.0149 0.00474602 0 1.05597
>20350 1 e- -0.258342 0.472136 0.909458 0.00424147 3.41966 1 PrScint 0 
msc -0.258327 0.472156 0.909459 0.00424219 3.41966 0
eIoni -0.258337 0.47219 0.909425 0.00424363 0 3.41966
>20349 1 e- -0.258972 0.471628 0.908639 0.00423755 1.88234 1 PrScint 0 
msc -0.258981 0.471631 0.908644 0.00423795 1.36159 0.520745
eIoni -0.258995 0.471631 0.908647 0.00423861 0 1.36159
>20348 1 e- -0.267838 0.45458 0.888652 0.00414307 1.17613 1 PrScint 0 
msc -0.267843 0.454583 0.888652 0.00414335 1.15308 0.0230496
eIoni -0.267853 0.45459 0.888651 0.00414394 0 1.15308
>20347 1 e- -0.268984 0.452053 0.885634 0.0041291 3.10771 1 PrScint 0 
msc -0.268986 0.452069 0.885616 0.00412985 3.08594 0.0217658
eIoni -0.26899 0.452095 0.885589 0.00413101 1.15732 1.92862
eIoni -0.268997 0.452087 0.885594 0.0041316 0 1.15732
>20346 1 e- -0.280322 0.387595 0.796379 0.00375195 1.3063 1 PrScint 0 
msc -0.280318 0.387599 0.796375 0.00375226 1.28603 0.0202713
eIoni -0.280312 0.387608 0.796368 0.00375289 0 1.28603
>20345 1 e- -0.275621 0.366342 0.791374 0.0036759 3.40627 1 PrScint 0 
msc -0.275607 0.366329 0.791353 0.00367672 3.37256 0.0337123
eIoni -0.275582 0.366307 0.791318 0.00367814 0 3.37256
>20344 1 e- -0.25488 0.259006 0.763516 0.00329128 3.40627 1 PrScint 0 
msc -0.254892 0.259031 0.763524 0.00329211 3.3297 0.0765666
eIoni -0.254912 0.259072 0.763538 0.00329351 0 3.3297
>20343 1 e- -0.254028 0.192709 0.742151 0.0030541 3.9492 1 PrScint 0 
msc -0.254015 0.192726 0.742129 0.00305495 3.89977 0.0494305
eIoni -0.254022 0.192785 0.742125 0.00305657 0 3.89977
>20342 1 e- -0.25399 0.180559 0.738267 0.00301068 2.28219 1 PrScint 0 
msc -0.25399 0.180564 0.738253 0.00301122 2.02383 0.25836
eIoni -0.253991 0.180572 0.738231 0.00301211 0 2.02383
>20341 1 e- -0.254923 0.15444 0.730761 0.00291799 3.6777 1 PrScint 0 
eIoni -0.254923 0.15444 0.730761 0.00291799 2.67964 0.998065
eIoni -0.254944 0.154448 0.730788 0.00291914 0 2.67964
>20340 1 e- -0.256843 0.124178 0.722771 0.00281128 2.19831 1 PrScint 0 
msc -0.256839 0.124181 0.722772 0.00281145 2.19831 0
eIoni -0.256825 0.124186 0.722794 0.00281242 0 2.19831
>20339 1 e- -0.231436 0.0945335 0.697164 0.00260981 4.04847 1 PrScint 0 
msc -0.23144 0.0945679 0.697169 0.00261074 3.95052 0.097952
eIoni -0.231474 0.0946141 0.69719 0.00261239 0 3.95052
>20338 1 e- -0.225449 0.0939766 0.692546 0.00258402 1.54523 1 PrScint 0 
msc -0.22545 0.0939749 0.692553 0.00258434 1.54523 0
eIoni -0.225455 0.0939746 0.692569 0.00258506 0 1.54523
>20337 1 e- -0.189825 0.0921199 0.64134 0.00237126 1.91815 1 PrScint 0 
msc -0.189824 0.0921128 0.641346 0.00237161 1.89948 0.018673
eIoni -0.189846 0.0921099 0.641344 0.00237246 0 1.89948
>20336 1 e- -0.157076 0.0942118 0.589804 0.00216345 2.55979 1 PrScint 0 
msc -0.157091 0.0942142 0.589795 0.00216405 2.50747 0.0523129
eIoni -0.157119 0.0942185 0.589779 0.00216513 0 2.50747
>20335 1 e- -0.14158 0.0955221 0.567025 0.00206965 2.03094 1 PrScint 0 
msc -0.141591 0.0955201 0.567019 0.00207012 2.03094 0
eIoni -0.141612 0.0955162 0.567009 0.00207103 0 2.03094
>20334 1 e- -0.110409 0.0897373 0.524329 0.00188841 2.03094 1 PrScint 0 
msc -0.11041 0.0897263 0.524335 0.00188888 1.98462 0.0463182
eIoni -0.110412 0.0897057 0.524346 0.00188976 0 1.98462
>20333 1 e- -0.0715689 0.0867895 0.47139 0.00166425 3.20794 1 PrScint 0 
msc -0.0715839 0.0867718 0.47139 0.00166494 3.18249 0.0254529
eIoni -0.0716137 0.0867588 0.471421 0.00166628 0 3.18249
>20332 1 e- -0.0495374 0.0818213 0.430991 0.00150698 1.88364 1 PrScint 0 
msc -0.0495387 0.0818121 0.430995 0.00150737 1.83458 0.0490658
eIoni -0.0495361 0.0817945 0.431006 0.0015082 0 1.83458
>20331 1 e- -0.0475143 0.0809697 0.424244 0.00148288 3.73547 1 PrScint 0 
msc -0.0474995 0.0809815 0.424218 0.00148377 3.44247 0.293002
eIoni -0.0474765 0.0809974 0.424176 0.00148522 0 3.44247
>20330 1 gamma -0.0404999 0.078017 0.400849 0.00139929 175.788 1 PrScint 0 
Rayl -1.91974 0.22359 6.28288 0.0220024 175.788 0
Rayl -3.00589 0.210192 9.09592 0.0320609 175.788 0
phot -5.81346 1.00771 15.5858 0.0557973 0 2.11147 20500 20501 20502
>20502 20330 e- -5.81346 1.00771 15.5858 0.0557973 2.99243 1 PrScint 0 
msc -5.81345 1.0077 15.5859 0.055798 2.95287 0.039563
eIoni -5.81343 1.00769 15.5859 0.0557993 0 2.95287
>20501 20330 gamma -5.81346 1.00771 15.5858 0.0557973 29.4521 1 PrScint 0 
phot -5.83845 0.939378 15.5624 0.0560523 0 5.4169 20503
>20503 20501 e- -5.83845 0.939378 15.5624 0.0560523 24.0352 1 PrScint 0 
msc -5.83814 0.939153 15.562 0.0560584 23.2535 0.781696
eIoni -5.83758 0.938933 15.5613 0.0560693 16.8013 6.45218
eIoni -5.8372 0.938754 15.5616 0.0560769 0 16.8013
>20500 20330 e- -5.81346 1.00771 15.5858 0.0557973 141.232 1 PrScint 0 
eIoni -5.81105 1.00257 15.5885 0.0558309 135.394 5.83804
eIoni -5.80888 0.997418 15.5871 0.0558623 130.68 4.71466
eIoni -5.80837 0.9958 15.5858 0.0558739 126.17 3.34147 20504
eIoni -5.81001 0.984855 15.5756 0.0559583 103.46 22.7104
eIoni -5.80742 0.988079 15.5666 0.0560178 95.8156 5.89146 20505
eIoni -5.80959 0.987429 15.5646 0.0560362 93.859 1.95659
eIoni -5.81249 0.986201 15.5627 0.0560591 91.4403 2.41868
eIoni -5.81376 0.986775 15.5626 0.0560679 85.9706 1.63636 20506
eIoni -5.81751 0.98934 15.5622 0.0560974 82.16 3.81068
eIoni -5.82158 0.987248 15.5603 0.0561299 77.5203 2.99451 20507
eIoni -5.82662 0.990877 15.5621 0.0561733 70.7929 6.72741
eIoni -5.82858 0.989901 15.5631 0.0561902 67.3932 1.21771 20508
eIoni -5.83245 0.993736 15.5628 0.056229 49.1801 14.9615 20509
eIoni -5.83256 0.993156 15.5616 0.0562404 47.7424 1.43775
eIoni -5.82979 0.992313 15.5607 0.0562654 34.396 10.4667 20510
eIoni -5.82946 0.993007 15.562 0.0562804 31.7245 2.67151
eIoni -5.83089 0.993625 15.5617 0.0562961 21.4592 8.57126 20511
eIoni -5.83017 0.993944 15.5614 0.0563061 10.0424 6.61291 20512 20513
eIoni -5.83027 0.993737 15.5613 0.0563104 0 10.0424
>20513 20500 e- -5.83017 0.993944 15.5614 0.0563061 1.10377 1 PrScint 0 
msc -5.83017 0.993944 15.5614 0.0563063 1.04196 0.0618057
eIoni -5.83018 0.993948 15.5614 0.0563068 0 1.04196
>20512 20500 e- -5.83042 0.993834 15.5615 0.0563027 3.70016 1 PrScint 0 
msc -5.83042 0.993818 15.5615 0.0563032 3.45035 0.24981
eIoni -5.8304 0.993774 15.5615 0.0563047 0 3.45035
>20511 20500 e- -5.83089 0.993625 15.5617 0.0562961 1.694 1 PrScint 0 
msc -5.83089 0.993619 15.5617 0.0562965 1.694 0
eIoni -5.83087 0.993607 15.5617 0.0562973 0 1.694
>20510 20500 e- -5.82979 0.992313 15.5607 0.0562654 2.87967 1 PrScint 0 
msc -5.8298 0.992309 15.5607 0.0562661 2.87967 0
eIoni -5.82982 0.992308 15.5607 0.0562673 0 2.87967
>20509 20500 e- -5.83245 0.993736 15.5628 0.056229 3.25159 1 PrScint 0 
msc -5.83244 0.993736 15.5628 0.0562297 3.2165 0.0350909
eIoni -5.83244 0.993745 15.5628 0.0562311 0 3.2165
>20508 20500 e- -5.82858 0.989901 15.5631 0.0561902 2.18198 1 PrScint 0 
msc -5.82859 0.989896 15.5631 0.0561906 2.12325 0.0587285
eIoni -5.82861 0.989909 15.5631 0.0561915 0 2.12325
>20507 20500 e- -5.82158 0.987248 15.5603 0.0561299 1.64512 1 PrScint 0 
msc -5.82158 0.987242 15.5603 0.0561302 1.64512 0
eIoni -5.8216 0.987232 15.5603 0.056131 0 1.64512
>20506 20500 e- -5.81376 0.986775 15.5626 0.0560679 3.83334 1 PrScint 0 
msc -5.81376 0.986762 15.5626 0.0560688 3.53255 0.300792
eIoni -5.81373 0.98673 15.5626 0.0560703 0 3.53255
>20505 20500 e- -5.80742 0.988079 15.5666 0.0560178 1.75293 1 PrScint 0 
msc -5.80741 0.988081 15.5666 0.0560182 1.73745 0.0154844
eIoni -5.80739 0.988085 15.5665 0.056019 0 1.73745
>20504 20500 e- -5.80837 0.9958 15.5858 0.0558739 1.16791 1 PrScint 0 
msc -5.80838 0.995798 15.5858 0.0558742 1.16791 0
eIoni -5.80839 0.995793 15.5859 0.0558748 0 1.16791
>20329 1 e- -0.0275505 0.0510572 0.316347 0.00109548 3.40627 1 PrScint 0 
msc -0.027567 0.0510673 0.316365 0.00109624 3.37177 0.0344954
eIoni -0.0276105 0.0510883 0.31637 0.00109765 0 3.37177
>20328 1 e- -0.0240941 0.0434546 0.291449 0.00100645 2.44152 1 PrScint 0 
msc -0.0240855 0.0434527 0.291462 0.00100697 2.44152 0
eIoni -0.0240852 0.0434517 0.291492 0.00100803 0 2.44152
>20327 1 e- -0.00827621 0.0202873 0.142173 0.00048961 2.03094 1 PrScint 0 
msc -0.008286 0.0202844 0.142181 0.00049008 1.98563 0.0453039
eIoni -0.0083042 0.0202791 0.142194 0.000490964 0 1.98563
>20326 1 e- -0.00910775 0.0134343 0.0783754 0.000271675 6.04157 1 PrScint 0 
msc -0.00915292 0.0134285 0.0784114 0.000272945 5.9985 0.0430669
eIoni -0.00924507 0.0133804 0.0784514 0.000275391 4.39941 0.388388 20514
eIoni -0.00929074 0.0133768 0.0784292 0.000276693 3.07871 1.32069
eIoni -0.00930878 0.0133866 0.0783919 0.000277993 0 3.07871
>20514 20326 e- -0.00924507 0.0133804 0.0784514 0.000275391 1.21071 1 PrScint 0 
msc -0.00924816 0.0133759 0.0784518 0.000275658 1.21071 0
eIoni -0.00925594 0.0133664 0.0784537 0.000276263 0 1.21071
>20325 1 e- -0.0070342 0.00729046 0.0564459 0.000194222 2.56163 1 PrScint 0 
msc -0.00703829 0.0072985 0.0564335 0.000194733 2.56163 0
eIoni -0.0070319 0.00732419 0.056414 0.000195835 0 2.56163
